Selection	View	Channel	Begin Time (s)	End Time (s)	Low Freq (Hz)	High Freq (Hz)	Peak Freq (Hz)	Event
1	Spectrogram 1	1	0.117333333	0.512000000	3796.875	4429.688	4031.250	
2	Spectrogram 1	1	0.458666667	0.693333333	1335.938	2132.812	1687.500	Nyctidromus_albicollis
3	Spectrogram 1	1	1.205333333	1.685333333	3773.438	4453.125	4031.250	
4	Spectrogram 1	1	2.336000000	2.677333333	3773.438	4406.250	4031.250	
5	Spectrogram 1	1	3.018666667	3.296000000	1289.062	2179.688	1875.000	Nyctidromus_albicollis
6	Spectrogram 1	1	3.434666667	3.712000000	3914.062	4429.688	4125.000	
7	Spectrogram 1	1	4.501333333	4.917333333	3773.438	4382.812	4031.250	
8	Spectrogram 1	1	5.472000000	5.856000000	3773.438	4429.688	4031.250	
9	Spectrogram 1	1	5.578666667	5.845333333	1335.938	2179.688	1781.250	Nyctidromus_albicollis
10	Spectrogram 1	1	6.570666667	6.976000000	3796.875	4453.125	4031.250	
11	Spectrogram 1	1	7.530666667	8.053333333	3773.438	4429.688	4125.000	
12	Spectrogram 1	1	8.597333333	9.130666667	3750.000	4382.812	3937.500	
13	Spectrogram 1	1	9.696000000	10.090666667	3750.000	4429.688	4031.250	
14	Spectrogram 1	1	10.784000000	11.253333333	3750.000	4382.812	4031.250	
15	Spectrogram 1	1	11.936000000	12.330666667	3796.875	4359.375	4031.250	
16	Spectrogram 1	1	12.896000000	13.408000000	3750.000	4406.250	4125.000	
17	Spectrogram 1	1	14.240000000	14.549333333	3750.000	4382.812	4125.000	
18	Spectrogram 1	1	15.008000000	15.264000000	1500.000	2156.250	1781.250	Nyctidromus_albicollis
19	Spectrogram 1	1	15.221333333	15.594666667	3796.875	4312.500	4031.250	
20	Spectrogram 1	1	16.352000000	16.725333333	3773.438	4406.250	4125.000	
21	Spectrogram 1	1	17.397333333	17.749333333	3796.875	4312.500	4031.250	
22	Spectrogram 1	1	18.464000000	18.869333333	3773.438	4406.250	4125.000	
23	Spectrogram 1	1	18.517333333	18.645333333	1640.625	2109.375	1875.000	Nyctidromus_albicollis
24	Spectrogram 1	1	19.552000000	19.946666667	3750.000	4289.062	4031.250	
25	Spectrogram 1	1	20.661333333	21.237333333	3796.875	4406.250	4031.250	
26	Spectrogram 1	1	21.760000000	22.176000000	3773.438	4312.500	4031.250	
27	Spectrogram 1	1	22.805333333	23.242666667	3750.000	4406.250	4031.250	
28	Spectrogram 1	1	23.914666667	24.245333333	3750.000	4406.250	4031.250	
29	Spectrogram 1	1	24.970666667	25.344000000	3773.438	4382.812	4031.250	
30	Spectrogram 1	1	26.026666667	26.389333333	3703.125	4382.812	4031.250	
31	Spectrogram 1	1	26.730666667	26.901333333	1664.062	2156.250	1781.250	Nyctidromus_albicollis
32	Spectrogram 1	1	27.061333333	27.466666667	3750.000	4429.688	4031.250	
33	Spectrogram 1	1	28.160000000	28.565333333	3773.438	4382.812	4031.250	
34	Spectrogram 1	1	29.269333333	29.610666667	3750.000	4453.125	4031.250	
35	Spectrogram 1	1	31.306666667	31.744000000	3750.000	4382.812	4031.250	
36	Spectrogram 1	1	31.861333333	32.000000000	1734.375	2156.250	1968.750	Nyctidromus_albicollis
37	Spectrogram 1	1	32.416000000	32.757333333	3750.000	4429.688	4031.250	
38	Spectrogram 1	1	33.493333333	33.994666667	3773.438	4382.812	4031.250	
39	Spectrogram 1	1	34.218666667	34.378666667	10101.562	15117.188	11437.500	
40	Spectrogram 1	1	34.240000000	34.325333333	16476.562	17414.062	16968.750	
41	Spectrogram 1	1	34.240000000	34.336000000	15328.125	16171.875	15468.750	
42	Spectrogram 1	1	34.677333333	34.965333333	3773.438	4242.188	4031.250	
43	Spectrogram 1	1	35.392000000	36.010666667	3703.125	4406.250	4031.250	
44	Spectrogram 1	1	36.810666667	37.237333333	3750.000	4359.375	4031.250	
45	Spectrogram 1	1	37.888000000	38.208000000	3750.000	4289.062	4031.250	
46	Spectrogram 1	1	38.773333333	39.168000000	3726.562	4382.812	4031.250	
47	Spectrogram 1	1	38.997333333	39.210666667	1500.000	2109.375	2062.500	Nyctidromus_albicollis
48	Spectrogram 1	1	39.829333333	40.330666667	3750.000	4429.688	4031.250	
49	Spectrogram 1	1	40.928000000	41.322666667	3796.875	4242.188	4031.250	
50	Spectrogram 1	1	41.856000000	42.336000000	3726.562	4429.688	4125.000	
51	Spectrogram 1	1	41.909333333	42.048000000	1781.250	2273.438	2250.000	Nyctidromus_albicollis
52	Spectrogram 1	1	42.912000000	43.306666667	3750.000	4406.250	4031.250	
53	Spectrogram 1	1	43.957333333	44.352000000	3750.000	4429.688	4031.250	
54	Spectrogram 1	1	44.992000000	45.568000000	3773.438	4382.812	4031.250	
55	Spectrogram 1	1	46.197333333	46.549333333	3750.000	4429.688	4031.250	
56	Spectrogram 1	1	47.136000000	47.498666667	3750.000	4429.688	4031.250	
57	Spectrogram 1	1	48.256000000	48.714666667	3773.438	4406.250	4031.250	
58	Spectrogram 1	1	49.344000000	49.664000000	3773.438	4335.938	4031.250	
59	Spectrogram 1	1	49.589333333	49.728000000	1710.938	2273.438	1781.250	Nyctidromus_albicollis
60	Spectrogram 1	1	50.400000000	50.816000000	3750.000	4429.688	4031.250	
61	Spectrogram 1	1	51.456000000	52.032000000	3773.438	4429.688	4031.250	
62	Spectrogram 1	1	52.618666667	52.896000000	18304.688	18609.375	18562.500	
63	Spectrogram 1	1	52.618666667	52.917333333	3726.562	4429.688	4031.250	
64	Spectrogram 1	1	53.290666667	53.482666667	18234.375	18609.375	18562.500	
65	Spectrogram 1	1	53.600000000	54.037333333	3773.438	4500.000	4031.250	
66	Spectrogram 1	1	54.688000000	55.264000000	3750.000	4429.688	4031.250	
67	Spectrogram 1	1	54.720000000	55.082666667	1242.188	2250.000	1687.500	Nyctidromus_albicollis
68	Spectrogram 1	1	55.861333333	56.160000000	3750.000	4453.125	4031.250	
69	Spectrogram 1	1	56.896000000	57.226666667	3773.438	4429.688	4031.250	
70	Spectrogram 1	1	58.026666667	58.485333333	3796.875	4453.125	4031.250	
71	Spectrogram 1	1	58.282666667	58.816000000	1242.188	2250.000	1687.500	Nyctidromus_albicollis
72	Spectrogram 1	1	59.082666667	59.466666667	3773.438	4429.688	4031.250	
