Selection	View	Channel	Begin Time (s)	End Time (s)	Low Freq (Hz)	High Freq (Hz)	Peak Freq (Hz)	Event
1	Spectrogram 1	1	0.010666667	2.389333333	1804.688	2343.750	2062.500	
2	Spectrogram 1	1	0.512000000	1.354666667	8203.125	8531.250	8250.000	
3	Spectrogram 1	1	0.810666667	0.992000000	3140.625	3632.812	3187.500	
4	Spectrogram 1	1	1.066666667	1.408000000	4570.312	4875.000	4687.500	
5	Spectrogram 1	1	2.080000000	2.432000000	4570.312	4875.000	4687.500	
6	Spectrogram 1	1	2.816000000	3.210666667	4570.312	4898.438	4781.250	
7	Spectrogram 1	1	3.338666667	4.128000000	8203.125	8531.250	8343.750	
8	Spectrogram 1	1	4.021333333	4.234666667	4570.312	4875.000	4687.500	
9	Spectrogram 1	1	6.133333333	6.976000000	8226.562	8531.250	8343.750	
10	Spectrogram 1	1	7.146666667	7.392000000	4570.312	4898.438	4593.750	
11	Spectrogram 1	1	8.469333333	8.736000000	4593.750	4898.438	4687.500	
12	Spectrogram 1	1	8.746666667	8.906666667	3960.938	4265.625	4218.750	
13	Spectrogram 1	1	8.746666667	8.874666667	3023.438	3656.250	3281.250	
14	Spectrogram 1	1	9.184000000	10.080000000	8203.125	8531.250	8343.750	
15	Spectrogram 1	1	9.216000000	9.493333333	4476.562	5085.938	4500.000	
16	Spectrogram 1	1	9.290666667	9.621333333	3398.438	4289.062	4218.750	
17	Spectrogram 1	1	9.290666667	9.397333333	1968.750	2789.062	2718.750	
18	Spectrogram 1	1	10.538666667	10.848000000	4570.312	4921.875	4593.750	
19	Spectrogram 1	1	11.306666667	11.669333333	4570.312	4898.438	4687.500	
20	Spectrogram 1	1	11.306666667	13.536000000	1687.500	2390.625	2250.000	
21	Spectrogram 1	1	11.829333333	12.021333333	3960.938	4312.500	4312.500	
22	Spectrogram 1	1	11.957333333	12.874666667	8226.562	8531.250	8343.750	
23	Spectrogram 1	1	12.053333333	12.245333333	4570.312	4921.875	4687.500	
24	Spectrogram 1	1	12.725333333	12.970666667	4570.312	4898.438	4687.500	
25	Spectrogram 1	1	13.130666667	13.290666667	3937.500	4335.938	4312.500	
26	Spectrogram 1	1	13.408000000	13.728000000	4546.875	4898.438	4593.750	
27	Spectrogram 1	1	14.176000000	14.549333333	4359.375	4921.875	4500.000	
28	Spectrogram 1	1	14.602666667	14.794666667	1570.312	2601.562	2343.750	
29	Spectrogram 1	1	14.730666667	15.648000000	8226.562	8531.250	8343.750	
30	Spectrogram 1	1	14.805333333	15.061333333	4640.625	4945.312	4687.500	
31	Spectrogram 1	1	14.954666667	15.594666667	1218.750	1968.750	1687.500	Dendroplex_picus
32	Spectrogram 1	1	14.965333333	15.146666667	2976.562	3609.375	3281.250	
33	Spectrogram 1	1	15.893333333	16.117333333	4593.750	4921.875	4781.250	
34	Spectrogram 1	1	16.181333333	16.458666667	1921.875	4359.375	3281.250	
35	Spectrogram 1	1	16.288000000	16.426666667	4593.750	5015.625	4687.500	
36	Spectrogram 1	1	16.800000000	17.066666667	4593.750	4921.875	4781.250	
37	Spectrogram 1	1	17.034666667	17.280000000	3937.500	4406.250	4312.500	
38	Spectrogram 1	1	17.536000000	17.834666667	4617.188	4945.312	4687.500	
39	Spectrogram 1	1	17.813333333	18.026666667	3960.938	4406.250	4312.500	
40	Spectrogram 1	1	18.037333333	18.869333333	8226.562	8531.250	8343.750	
41	Spectrogram 1	1	18.624000000	19.040000000	3960.938	4640.625	4312.500	
42	Spectrogram 1	1	19.125333333	19.626666667	4617.188	4921.875	4687.500	
43	Spectrogram 1	1	19.274666667	19.776000000	3632.812	4453.125	4406.250	
44	Spectrogram 1	1	20.362666667	20.736000000	3937.500	4898.438	4312.500	
45	Spectrogram 1	1	20.778666667	21.685333333	8226.562	8531.250	8343.750	
46	Spectrogram 1	1	21.226666667	21.482666667	3960.938	4382.812	4312.500	
47	Spectrogram 1	1	21.685333333	22.176000000	4546.875	4898.438	4781.250	
48	Spectrogram 1	1	22.058666667	22.336000000	3937.500	4453.125	4312.500	
49	Spectrogram 1	1	22.250666667	22.389333333	2929.688	3304.688	3281.250	
50	Spectrogram 1	1	23.029333333	23.306666667	3960.938	4664.062	4312.500	
51	Spectrogram 1	1	23.338666667	24.490666667	8203.125	8531.250	8343.750	
52	Spectrogram 1	1	23.797333333	24.021333333	3937.500	4359.375	4312.500	
53	Spectrogram 1	1	23.978666667	24.544000000	4335.938	4921.875	4406.250	
54	Spectrogram 1	1	25.440000000	26.496000000	8203.125	8507.812	8343.750	
55	Spectrogram 1	1	25.536000000	25.877333333	3960.938	4429.688	4312.500	
56	Spectrogram 1	1	25.856000000	26.090666667	3539.062	3843.750	3656.250	
57	Spectrogram 1	1	26.805333333	26.954666667	3492.188	4265.625	4218.750	
58	Spectrogram 1	1	27.050666667	27.306666667	3937.500	4781.250	4312.500	
59	Spectrogram 1	1	27.786666667	28.789333333	8203.125	8554.688	8343.750	
60	Spectrogram 1	1	28.074666667	28.341333333	3960.938	4453.125	4312.500	
61	Spectrogram 1	1	29.536000000	29.781333333	3937.500	4781.250	4312.500	
62	Spectrogram 1	1	30.048000000	30.304000000	3960.938	4453.125	4312.500	
63	Spectrogram 1	1	31.338666667	32.202666667	8203.125	8531.250	8343.750	
64	Spectrogram 1	1	31.690666667	31.989333333	3937.500	4453.125	4312.500	
65	Spectrogram 1	1	32.117333333	32.480000000	3468.750	3820.312	3656.250	
66	Spectrogram 1	1	32.618666667	32.917333333	3937.500	4476.562	4406.250	
67	Spectrogram 1	1	33.120000000	33.290666667	3492.188	3984.375	3843.750	
68	Spectrogram 1	1	33.205333333	34.197333333	8179.688	8531.250	8343.750	
69	Spectrogram 1	1	33.397333333	33.610666667	1523.438	2601.562	2250.000	
70	Spectrogram 1	1	33.504000000	33.792000000	3937.500	4382.812	4312.500	
71	Spectrogram 1	1	33.802666667	34.442666667	1148.438	1968.750	1687.500	Dendroplex_picus
72	Spectrogram 1	1	34.336000000	34.624000000	3539.062	4382.812	4312.500	
73	Spectrogram 1	1	35.189333333	35.445333333	3914.062	4382.812	4312.500	
74	Spectrogram 1	1	35.210666667	36.192000000	8203.125	8531.250	8343.750	
75	Spectrogram 1	1	35.370666667	38.922666667	1804.688	2414.062	2250.000	
76	Spectrogram 1	1	36.010666667	36.373333333	3960.938	4804.688	4312.500	
77	Spectrogram 1	1	36.693333333	36.981333333	3937.500	4476.562	4312.500	
78	Spectrogram 1	1	37.312000000	38.325333333	8203.125	8554.688	8343.750	
79	Spectrogram 1	1	37.525333333	37.813333333	3937.500	4453.125	4312.500	
80	Spectrogram 1	1	38.122666667	38.325333333	4148.438	4781.250	4406.250	
81	Spectrogram 1	1	38.389333333	38.645333333	3937.500	4406.250	4312.500	
82	Spectrogram 1	1	39.253333333	39.594666667	3609.375	4523.438	4312.500	
83	Spectrogram 1	1	39.306666667	40.362666667	8203.125	8554.688	8343.750	
84	Spectrogram 1	1	40.288000000	40.661333333	3398.438	4570.312	4312.500	
85	Spectrogram 1	1	40.448000000	41.077333333	1218.750	2015.625	1781.250	Dendroplex_picus
86	Spectrogram 1	1	40.842666667	41.045333333	3468.750	3773.438	3562.500	
87	Spectrogram 1	1	40.970666667	41.386666667	3914.062	4804.688	4312.500	
88	Spectrogram 1	1	41.290666667	42.357333333	8203.125	8531.250	8343.750	
89	Spectrogram 1	1	41.728000000	41.920000000	4476.562	4828.125	4500.000	
90	Spectrogram 1	1	42.037333333	42.314666667	3914.062	4476.562	4312.500	
91	Spectrogram 1	1	42.698666667	43.157333333	3421.875	4804.688	4312.500	
92	Spectrogram 1	1	43.232000000	44.298666667	8203.125	8554.688	8343.750	
93	Spectrogram 1	1	43.594666667	43.850666667	3914.062	4406.250	4312.500	
94	Spectrogram 1	1	43.744000000	44.000000000	4429.688	4804.688	4500.000	
95	Spectrogram 1	1	44.576000000	44.842666667	3914.062	4382.812	4312.500	
96	Spectrogram 1	1	45.493333333	45.888000000	3937.500	5156.250	4312.500	
97	Spectrogram 1	1	45.834666667	46.805333333	8203.125	8554.688	8343.750	
98	Spectrogram 1	1	46.378666667	46.880000000	3937.500	4828.125	4312.500	
99	Spectrogram 1	1	47.232000000	47.605333333	1453.125	2695.312	2062.500	
100	Spectrogram 1	1	47.338666667	47.637333333	3515.625	4429.688	4312.500	
101	Spectrogram 1	1	47.701333333	47.829333333	4171.875	4664.062	4500.000	
102	Spectrogram 1	1	47.733333333	48.021333333	3375.000	3726.562	3468.750	
103	Spectrogram 1	1	47.733333333	48.405333333	1195.312	2484.375	1687.500	Dendroplex_picus
104	Spectrogram 1	1	48.096000000	49.162666667	8226.562	8578.125	8343.750	
105	Spectrogram 1	1	48.426666667	49.034666667	3937.500	4781.250	4312.500	
106	Spectrogram 1	1	49.365333333	49.610666667	3960.938	4382.812	4312.500	
107	Spectrogram 1	1	49.706666667	52.682666667	1898.438	2414.062	2250.000	
108	Spectrogram 1	1	49.845333333	50.005333333	4125.000	4617.188	4500.000	
109	Spectrogram 1	1	50.314666667	50.570666667	3890.625	4382.812	4312.500	
110	Spectrogram 1	1	50.549333333	51.573333333	8226.562	8578.125	8343.750	
111	Spectrogram 1	1	51.082666667	51.616000000	3445.312	4406.250	4312.500	
112	Spectrogram 1	1	51.968000000	52.224000000	3937.500	4640.625	4312.500	
113	Spectrogram 1	1	52.938666667	53.994666667	8203.125	8554.688	8343.750	
114	Spectrogram 1	1	54.922666667	56.000000000	8203.125	8554.688	8343.750	
115	Spectrogram 1	1	54.997333333	55.232000000	3937.500	4406.250	4312.500	
116	Spectrogram 1	1	56.117333333	56.384000000	3937.500	4406.250	4312.500	
117	Spectrogram 1	1	57.066666667	57.504000000	3539.062	4382.812	4312.500	
118	Spectrogram 1	1	57.258666667	58.346666667	8203.125	8578.125	8343.750	
119	Spectrogram 1	1	57.984000000	58.229333333	3937.500	4406.250	4312.500	
120	Spectrogram 1	1	58.773333333	59.050666667	3867.188	4406.250	4312.500	
121	Spectrogram 1	1	59.594666667	59.861333333	3937.500	4382.812	4312.500	
