Selection	View	Channel	Begin Time (s)	End Time (s)	Low Freq (Hz)	High Freq (Hz)	Peak Freq (Hz)	Event
1	Spectrogram 1	1	9.365333333	9.877333333	8085.938	8625.000	8156.250	
2	Spectrogram 1	1	14.528000000	15.040000000	7851.562	8625.000	7875.000	
3	Spectrogram 1	1	17.205333333	18.069333333	7921.875	8695.312	7968.750	
4	Spectrogram 1	1	20.714666667	21.845333333	7945.312	8648.438	7968.750	
5	Spectrogram 1	1	23.317333333	24.149333333	7898.438	8671.875	7968.750	
6	Spectrogram 1	1	25.653333333	25.888000000	1875.000	2460.938	1968.750	
7	Spectrogram 1	1	26.112000000	26.645333333	7921.875	8671.875	7968.750	
8	Spectrogram 1	1	27.018666667	27.274666667	1757.812	2414.062	2156.250	
9	Spectrogram 1	1	27.125333333	27.274666667	4359.375	4757.812	4406.250	
10	Spectrogram 1	1	28.053333333	29.056000000	7898.438	8695.312	7968.750	
11	Spectrogram 1	1	30.528000000	31.509333333	8085.938	8671.875	8250.000	
12	Spectrogram 1	1	32.789333333	34.069333333	8085.938	8718.750	8156.250	
13	Spectrogram 1	1	33.312000000	33.632000000	1359.375	2578.125	2156.250	
14	Spectrogram 1	1	33.376000000	33.802666667	3468.750	4781.250	3843.750	
15	Spectrogram 1	1	36.149333333	37.226666667	7945.312	8695.312	7968.750	
16	Spectrogram 1	1	38.528000000	39.253333333	8062.500	8742.188	8156.250	
17	Spectrogram 1	1	40.138666667	40.320000000	1734.375	2203.125	1875.000	
18	Spectrogram 1	1	40.576000000	41.877333333	8015.625	10101.562	9375.000	
19	Spectrogram 1	1	41.717333333	41.866666667	1875.000	2367.188	1968.750	
20	Spectrogram 1	1	42.240000000	42.368000000	1992.188	2484.375	2062.500	
21	Spectrogram 1	1	42.816000000	42.954666667	1921.875	2460.938	2343.750	
22	Spectrogram 1	1	43.392000000	43.562666667	1921.875	2554.688	2531.250	
23	Spectrogram 1	1	43.434666667	44.917333333	8039.062	8671.875	8156.250	
24	Spectrogram 1	1	43.680000000	44.138666667	1218.750	2460.938	1406.250	
25	Spectrogram 1	1	43.754666667	43.989333333	3609.375	4523.438	4312.500	
26	Spectrogram 1	1	44.565333333	44.746666667	1148.438	2554.688	2343.750	
27	Spectrogram 1	1	45.194666667	45.418666667	1875.000	2601.562	2437.500	
28	Spectrogram 1	1	45.813333333	46.378666667	1476.562	2625.000	2250.000	
29	Spectrogram 1	1	46.144000000	46.325333333	3679.688	4242.188	3843.750	
30	Spectrogram 1	1	46.474666667	46.762666667	8085.938	8625.000	8156.250	
31	Spectrogram 1	1	46.624000000	46.848000000	1851.562	2484.375	2156.250	
32	Spectrogram 1	1	47.136000000	47.360000000	1804.688	2460.938	2343.750	
33	Spectrogram 1	1	48.810666667	49.749333333	7875.000	8648.438	7875.000	
34	Spectrogram 1	1	49.269333333	49.493333333	1382.812	2437.500	1968.750	
35	Spectrogram 1	1	50.848000000	51.210666667	1476.562	3046.875	2250.000	Amazona_amazonica
36	Spectrogram 1	1	50.954666667	51.093333333	4125.000	4968.750	4500.000	
37	Spectrogram 1	1	51.456000000	52.608000000	7875.000	8718.750	7875.000	
38	Spectrogram 1	1	51.680000000	51.850666667	1804.688	2367.188	1875.000	
39	Spectrogram 1	1	52.298666667	52.640000000	984.375	3000.000	2343.750	Amazona_amazonica
40	Spectrogram 1	1	52.341333333	52.597333333	3375.000	6000.000	3375.000	
41	Spectrogram 1	1	52.928000000	54.378666667	914.062	3187.500	2250.000	Amazona_amazonica
42	Spectrogram 1	1	52.949333333	53.194666667	3492.188	6234.375	3843.750	Amazona_amazonica
43	Spectrogram 1	1	53.333333333	53.792000000	3445.312	6257.812	3843.750	Amazona_amazonica
44	Spectrogram 1	1	53.888000000	54.336000000	3398.438	6375.000	4593.750	Amazona_amazonica
45	Spectrogram 1	1	54.069333333	54.240000000	8882.812	9468.750	9375.000	
46	Spectrogram 1	1	54.069333333	55.498666667	7945.312	9867.188	7968.750	
47	Spectrogram 1	1	54.453333333	54.922666667	890.625	6609.375	2437.500	Amazona_amazonica
48	Spectrogram 1	1	55.093333333	55.509333333	914.062	6562.500	2062.500	Amazona_amazonica
49	Spectrogram 1	1	55.157333333	55.306666667	11882.812	12375.000	11906.250	
50	Spectrogram 1	1	55.168000000	55.274666667	17179.688	18351.562	18281.250	
51	Spectrogram 1	1	55.168000000	55.264000000	12914.062	14015.625	13687.500	
52	Spectrogram 1	1	55.178666667	55.264000000	19898.438	20414.062	20343.750	
53	Spectrogram 1	1	55.178666667	55.285333333	18703.125	19382.812	18937.500	
54	Spectrogram 1	1	55.712000000	56.170666667	820.312	6843.750	2437.500	Amazona_amazonica
55	Spectrogram 1	1	55.765333333	56.032000000	8273.438	10640.625	9281.250	
56	Spectrogram 1	1	55.786666667	55.968000000	12609.375	14882.812	13500.000	
57	Spectrogram 1	1	55.829333333	55.914666667	17039.062	17695.312	17156.250	
58	Spectrogram 1	1	55.829333333	55.936000000	15398.438	15984.375	15468.750	
59	Spectrogram 1	1	55.829333333	55.946666667	11789.062	12351.562	11906.250	
60	Spectrogram 1	1	56.298666667	57.290666667	796.875	7031.250	3000.000	Amazona_amazonica
61	Spectrogram 1	1	56.341333333	56.586666667	10312.500	24000.000	10312.500	
62	Spectrogram 1	1	56.341333333	56.661333333	8203.125	10148.438	9375.000	
63	Spectrogram 1	1	57.792000000	58.154666667	1031.250	6609.375	3281.250	Amazona_amazonica
64	Spectrogram 1	1	58.336000000	59.989333333	703.125	7031.250	2343.750	
65	Spectrogram 1	1	58.944000000	59.317333333	8085.938	24000.000	8531.250	
66	Spectrogram 1	1	59.488000000	59.850666667	7875.000	24000.000	7875.000	
