Selection	View	Channel	Begin Time (s)	End Time (s)	Low Freq (Hz)	High Freq (Hz)	Peak Freq (Hz)	Event
1	Spectrogram 1	1	0.010666667	0.138666667	22851.562	24000.000	23343.750	
2	Spectrogram 1	1	0.010666667	0.224000000	3304.688	3937.500	3937.500	
3	Spectrogram 1	1	0.309333333	0.469333333	3164.062	3539.062	3375.000	
4	Spectrogram 1	1	0.725333333	0.896000000	3164.062	3562.500	3375.000	
5	Spectrogram 1	1	0.789333333	1.269333333	5554.688	6375.000	5718.750	
6	Spectrogram 1	1	1.045333333	1.386666667	2273.438	3539.062	3468.750	Dendropsophus_microcephalus
7	Spectrogram 1	1	1.664000000	2.026666667	6398.438	6726.562	6656.250	
8	Spectrogram 1	1	1.898666667	2.272000000	3234.375	3914.062	3468.750	
9	Spectrogram 1	1	1.973333333	2.069333333	9445.312	10007.812	9656.250	
10	Spectrogram 1	1	2.080000000	2.389333333	5531.250	6398.438	5812.500	
11	Spectrogram 1	1	2.112000000	2.293333333	2507.812	3070.312	2906.250	Dendropsophus_microcephalus
12	Spectrogram 1	1	2.549333333	3.296000000	5554.688	6375.000	5812.500	
13	Spectrogram 1	1	2.933333333	3.274666667	2507.812	3656.250	3562.500	Dendropsophus_microcephalus
14	Spectrogram 1	1	2.997333333	3.114666667	867.188	1289.062	937.500	
15	Spectrogram 1	1	3.178666667	3.616000000	22640.625	24000.000	23156.250	
16	Spectrogram 1	1	3.477333333	3.637333333	3281.250	3609.375	3562.500	
17	Spectrogram 1	1	3.680000000	4.149333333	5531.250	5976.562	5531.250	
18	Spectrogram 1	1	4.042666667	4.138666667	23156.250	24000.000	23437.500	
19	Spectrogram 1	1	4.490666667	5.024000000	2531.250	3656.250	3468.750	Dendropsophus_microcephalus
20	Spectrogram 1	1	4.618666667	4.704000000	23156.250	24000.000	23437.500	
21	Spectrogram 1	1	4.853333333	5.056000000	820.312	1640.625	937.500	
22	Spectrogram 1	1	4.874666667	5.045333333	3304.688	3726.562	3468.750	
23	Spectrogram 1	1	5.216000000	5.578666667	5578.125	5976.562	5625.000	
24	Spectrogram 1	1	5.962666667	6.122666667	3304.688	3843.750	3562.500	
25	Spectrogram 1	1	6.112000000	6.346666667	23062.500	23859.375	23250.000	
26	Spectrogram 1	1	6.293333333	6.848000000	5531.250	6375.000	5812.500	
27	Spectrogram 1	1	6.346666667	6.784000000	2367.188	3679.688	3562.500	Dendropsophus_microcephalus
28	Spectrogram 1	1	6.773333333	7.082666667	6492.188	6867.188	6656.250	
29	Spectrogram 1	1	6.784000000	6.922666667	3281.250	3750.000	3562.500	
30	Spectrogram 1	1	7.146666667	7.285333333	3304.688	3679.688	3562.500	
31	Spectrogram 1	1	7.434666667	8.064000000	5554.688	6281.250	5625.000	
32	Spectrogram 1	1	7.520000000	7.669333333	3281.250	3703.125	3562.500	
33	Spectrogram 1	1	7.882666667	8.021333333	3257.812	3656.250	3562.500	
34	Spectrogram 1	1	8.213333333	8.394666667	3234.375	3750.000	3562.500	
35	Spectrogram 1	1	8.426666667	8.896000000	22242.188	24000.000	22781.250	
36	Spectrogram 1	1	8.682666667	8.842666667	3281.250	3703.125	3562.500	
37	Spectrogram 1	1	8.778666667	9.344000000	5507.812	6351.562	5812.500	
38	Spectrogram 1	1	8.896000000	9.344000000	2507.812	3726.562	3562.500	Dendropsophus_microcephalus
39	Spectrogram 1	1	9.770666667	10.293333333	5601.562	5976.562	5718.750	
40	Spectrogram 1	1	10.229333333	10.378666667	3281.250	3703.125	3562.500	
41	Spectrogram 1	1	10.368000000	10.624000000	6304.688	6726.562	6656.250	
42	Spectrogram 1	1	11.040000000	11.498666667	5601.562	6023.438	5625.000	
43	Spectrogram 1	1	11.082666667	11.221333333	3304.688	3703.125	3562.500	
44	Spectrogram 1	1	11.509333333	11.754666667	23109.375	23789.062	23437.500	
45	Spectrogram 1	1	12.138666667	12.320000000	2437.500	3187.500	2906.250	Dendropsophus_microcephalus
46	Spectrogram 1	1	12.149333333	12.757333333	5578.125	6375.000	5906.250	
47	Spectrogram 1	1	13.066666667	13.322666667	3515.625	3937.500	3843.750	
48	Spectrogram 1	1	13.258666667	13.877333333	2343.750	3257.812	3000.000	Dendropsophus_microcephalus
49	Spectrogram 1	1	13.269333333	13.920000000	5531.250	6820.312	6093.750	
50	Spectrogram 1	1	14.229333333	14.453333333	3656.250	3984.375	3937.500	
51	Spectrogram 1	1	14.730666667	15.114666667	5554.688	5976.562	5625.000	
52	Spectrogram 1	1	15.456000000	15.712000000	23085.938	23765.625	23343.750	
53	Spectrogram 1	1	15.605333333	15.872000000	3562.500	3960.938	3937.500	
54	Spectrogram 1	1	16.085333333	16.490666667	5531.250	5976.562	5531.250	
55	Spectrogram 1	1	16.821333333	16.938666667	867.188	1382.812	937.500	
56	Spectrogram 1	1	17.354666667	17.706666667	5601.562	5976.562	5625.000	
57	Spectrogram 1	1	17.781333333	17.994666667	5601.562	6351.562	5812.500	
58	Spectrogram 1	1	17.973333333	18.122666667	7312.500	7710.938	7406.250	
59	Spectrogram 1	1	18.613333333	19.338666667	5554.688	6375.000	6093.750	
60	Spectrogram 1	1	19.797333333	20.256000000	5578.125	6023.438	5625.000	
61	Spectrogram 1	1	20.864000000	21.333333333	5625.000	6023.438	5625.000	
62	Spectrogram 1	1	21.738666667	22.186666667	2484.375	3328.125	3000.000	Dendropsophus_microcephalus
63	Spectrogram 1	1	21.760000000	22.389333333	5578.125	6375.000	5812.500	
64	Spectrogram 1	1	22.496000000	22.581333333	843.750	1476.562	937.500	
65	Spectrogram 1	1	23.072000000	23.178666667	23179.688	23671.875	23437.500	
66	Spectrogram 1	1	23.072000000	23.445333333	5601.562	6000.000	5718.750	
67	Spectrogram 1	1	23.616000000	23.733333333	23179.688	24000.000	23437.500	
68	Spectrogram 1	1	24.245333333	25.280000000	5531.250	6398.438	5812.500	
69	Spectrogram 1	1	24.426666667	24.576000000	867.188	1593.750	937.500	
70	Spectrogram 1	1	24.704000000	25.258666667	2437.500	3375.000	2812.500	Dendropsophus_microcephalus
71	Spectrogram 1	1	25.493333333	25.888000000	5601.562	6023.438	5625.000	
72	Spectrogram 1	1	25.749333333	25.909333333	843.750	2273.438	1312.500	
73	Spectrogram 1	1	26.741333333	27.157333333	5625.000	6000.000	5625.000	
74	Spectrogram 1	1	27.221333333	27.434666667	6492.188	6796.875	6750.000	
75	Spectrogram 1	1	27.861333333	28.234666667	5531.250	5953.125	5625.000	
76	Spectrogram 1	1	28.864000000	29.653333333	21867.188	24000.000	23156.250	
77	Spectrogram 1	1	29.109333333	29.674666667	5554.688	6281.250	5812.500	
78	Spectrogram 1	1	29.408000000	29.621333333	6585.938	6890.625	6750.000	
79	Spectrogram 1	1	29.504000000	29.674666667	2531.250	3000.000	2812.500	Dendropsophus_microcephalus
80	Spectrogram 1	1	30.474666667	30.976000000	5578.125	5976.562	5625.000	
81	Spectrogram 1	1	31.765333333	32.106666667	8953.125	10781.250	10500.000	
82	Spectrogram 1	1	31.797333333	32.501333333	5554.688	6304.688	5812.500	
83	Spectrogram 1	1	31.968000000	32.106666667	7312.500	7734.375	7500.000	
84	Spectrogram 1	1	32.309333333	32.501333333	2390.625	3281.250	2812.500	Dendropsophus_microcephalus
85	Spectrogram 1	1	32.373333333	33.162666667	22078.125	23414.062	22781.250	
86	Spectrogram 1	1	32.896000000	33.120000000	23695.312	24000.000	23906.250	
87	Spectrogram 1	1	33.152000000	33.824000000	5554.688	5976.562	5625.000	
88	Spectrogram 1	1	34.005333333	34.144000000	9070.312	9539.062	9093.750	
89	Spectrogram 1	1	34.016000000	34.218666667	5671.875	6351.562	5812.500	
90	Spectrogram 1	1	34.016000000	34.186666667	2367.188	3046.875	2625.000	
91	Spectrogram 1	1	34.325333333	34.752000000	5531.250	6023.438	5531.250	
92	Spectrogram 1	1	34.688000000	34.816000000	890.625	1570.312	1031.250	
93	Spectrogram 1	1	34.794666667	36.426666667	22101.562	24000.000	23343.750	
94	Spectrogram 1	1	35.168000000	35.413333333	3515.625	3890.625	3750.000	
95	Spectrogram 1	1	35.584000000	35.744000000	2437.500	3351.562	2812.500	Dendropsophus_microcephalus
96	Spectrogram 1	1	36.490666667	36.650666667	3492.188	3867.188	3843.750	
97	Spectrogram 1	1	36.992000000	37.546666667	5554.688	6468.750	5812.500	
98	Spectrogram 1	1	37.322666667	37.514666667	2507.812	3468.750	2812.500	Dendropsophus_microcephalus
99	Spectrogram 1	1	37.674666667	37.866666667	3562.500	3914.062	3843.750	
100	Spectrogram 1	1	37.952000000	38.688000000	5507.812	5976.562	5531.250	
101	Spectrogram 1	1	38.709333333	39.744000000	22078.125	24000.000	23062.500	
102	Spectrogram 1	1	38.805333333	38.944000000	7335.938	7710.938	7500.000	
103	Spectrogram 1	1	39.466666667	40.064000000	5531.250	6398.438	6000.000	
104	Spectrogram 1	1	39.552000000	39.637333333	1148.438	1851.562	1781.250	
105	Spectrogram 1	1	39.722666667	40.096000000	2484.375	3796.875	3750.000	Dendropsophus_microcephalus
106	Spectrogram 1	1	39.989333333	40.128000000	867.188	1546.875	1031.250	
107	Spectrogram 1	1	40.629333333	41.226666667	5531.250	6398.438	5812.500	
108	Spectrogram 1	1	40.768000000	41.280000000	22523.438	24000.000	23156.250	
109	Spectrogram 1	1	40.981333333	41.173333333	2507.812	3562.500	3000.000	Dendropsophus_microcephalus
110	Spectrogram 1	1	41.802666667	42.304000000	5601.562	6000.000	5625.000	
111	Spectrogram 1	1	43.146666667	43.882666667	5507.812	6421.875	5812.500	
112	Spectrogram 1	1	43.392000000	43.701333333	22593.750	24000.000	23437.500	
113	Spectrogram 1	1	43.562666667	43.765333333	2273.438	3375.000	3187.500	Dendropsophus_microcephalus
114	Spectrogram 1	1	43.946666667	44.117333333	2765.625	3187.500	3093.750	
115	Spectrogram 1	1	45.056000000	45.216000000	2882.812	3304.688	3187.500	
116	Spectrogram 1	1	45.066666667	46.602666667	21937.500	24000.000	23343.750	
117	Spectrogram 1	1	45.408000000	45.802666667	2296.875	3539.062	3281.250	Dendropsophus_microcephalus
118	Spectrogram 1	1	45.610666667	46.218666667	5578.125	6375.000	5812.500	
119	Spectrogram 1	1	46.581333333	46.752000000	2765.625	3328.125	3281.250	
120	Spectrogram 1	1	46.965333333	47.157333333	2765.625	3375.000	3187.500	
121	Spectrogram 1	1	47.061333333	47.434666667	5601.562	6257.812	5625.000	
122	Spectrogram 1	1	47.445333333	47.669333333	2765.625	3351.562	3187.500	
123	Spectrogram 1	1	47.893333333	48.106666667	2789.062	3281.250	3187.500	
124	Spectrogram 1	1	48.106666667	48.480000000	5648.438	5976.562	5718.750	
125	Spectrogram 1	1	48.608000000	50.154666667	22101.562	24000.000	22781.250	
126	Spectrogram 1	1	48.608000000	48.960000000	5648.438	6070.312	5718.750	
127	Spectrogram 1	1	49.088000000	49.226666667	2742.188	3234.375	3187.500	
128	Spectrogram 1	1	50.090666667	50.485333333	5601.562	6000.000	5625.000	
129	Spectrogram 1	1	50.880000000	51.274666667	5578.125	5906.250	5625.000	
130	Spectrogram 1	1	51.413333333	51.786666667	5554.688	6398.438	5625.000	
131	Spectrogram 1	1	52.320000000	52.576000000	5507.812	6281.250	5812.500	
132	Spectrogram 1	1	52.352000000	52.501333333	2484.375	3023.438	2906.250	Dendropsophus_microcephalus
133	Spectrogram 1	1	52.661333333	53.013333333	5554.688	6000.000	5625.000	
134	Spectrogram 1	1	53.472000000	53.994666667	22265.625	23367.188	22968.750	
135	Spectrogram 1	1	53.728000000	54.314666667	5554.688	6304.688	5812.500	
136	Spectrogram 1	1	53.781333333	53.888000000	2789.062	3281.250	3187.500	
137	Spectrogram 1	1	54.133333333	54.325333333	2390.625	3375.000	3187.500	
138	Spectrogram 1	1	54.250666667	54.944000000	22171.875	24000.000	23156.250	
139	Spectrogram 1	1	54.304000000	54.464000000	843.750	1476.562	1125.000	
140	Spectrogram 1	1	55.104000000	55.904000000	5531.250	6375.000	5812.500	
141	Spectrogram 1	1	55.680000000	55.861333333	2460.938	3046.875	2812.500	Dendropsophus_microcephalus
142	Spectrogram 1	1	56.544000000	57.290666667	21726.562	24000.000	23062.500	
143	Spectrogram 1	1	56.576000000	57.546666667	5554.688	6398.438	6093.750	
144	Spectrogram 1	1	57.184000000	57.365333333	2343.750	3070.312	2718.750	Dendropsophus_microcephalus
145	Spectrogram 1	1	57.408000000	57.493333333	23226.562	23929.688	23437.500	
146	Spectrogram 1	1	57.717333333	58.186666667	5531.250	5976.562	5531.250	
147	Spectrogram 1	1	58.005333333	58.090666667	23250.000	23976.562	23531.250	
148	Spectrogram 1	1	58.400000000	58.581333333	2414.062	3468.750	2812.500	Dendropsophus_microcephalus
149	Spectrogram 1	1	58.410666667	58.624000000	5625.000	6539.062	6000.000	
150	Spectrogram 1	1	59.146666667	59.573333333	5507.812	6000.000	5531.250	
