Selection	View	Channel	Begin Time (s)	End Time (s)	Low Freq (Hz)	High Freq (Hz)	Peak Freq (Hz)	Event
1	Spectrogram 1	1	0.010666667	14.282666667	6093.750	6445.312	6281.250	
2	Spectrogram 1	1	0.053333333	0.160000000	1429.688	1968.750	1781.250	
3	Spectrogram 1	1	0.074666667	0.202666667	3187.500	5296.875	5250.000	
4	Spectrogram 1	1	1.738666667	1.877333333	3750.000	5156.250	5156.250	
5	Spectrogram 1	1	2.336000000	2.602666667	8132.812	11695.312	9843.750	
6	Spectrogram 1	1	2.336000000	2.624000000	1429.688	5554.688	2625.000	
7	Spectrogram 1	1	2.965333333	3.114666667	3468.750	5296.875	4406.250	
8	Spectrogram 1	1	3.370666667	3.466666667	4242.188	4757.812	4406.250	
9	Spectrogram 1	1	3.936000000	4.085333333	2109.375	5390.625	3750.000	
10	Spectrogram 1	1	3.957333333	4.064000000	10031.250	11460.938	10500.000	
11	Spectrogram 1	1	4.416000000	4.565333333	4359.375	4734.375	4593.750	
12	Spectrogram 1	1	5.376000000	5.536000000	3468.750	5203.125	4406.250	
13	Spectrogram 1	1	6.154666667	6.325333333	4664.062	5273.438	4781.250	
14	Spectrogram 1	1	6.549333333	6.837333333	3421.875	5414.062	4500.000	
15	Spectrogram 1	1	6.549333333	6.816000000	1593.750	3304.688	1781.250	
16	Spectrogram 1	1	6.677333333	6.826666667	10429.688	11484.375	10781.250	
17	Spectrogram 1	1	6.954666667	7.157333333	4101.562	5343.750	4968.750	
18	Spectrogram 1	1	6.965333333	7.114666667	2882.812	3726.562	3093.750	
19	Spectrogram 1	1	7.242666667	7.541333333	2460.938	5343.750	4968.750	
20	Spectrogram 1	1	7.360000000	7.541333333	10101.562	11554.688	10125.000	
21	Spectrogram 1	1	7.360000000	7.445333333	1406.250	2179.688	1781.250	
22	Spectrogram 1	1	7.669333333	7.765333333	4218.750	5273.438	5062.500	
23	Spectrogram 1	1	8.192000000	8.288000000	3820.312	5250.000	4031.250	
24	Spectrogram 1	1	8.618666667	8.714666667	4312.500	5296.875	5250.000	
25	Spectrogram 1	1	15.658666667	15.744000000	4546.875	5156.250	5156.250	
26	Spectrogram 1	1	18.048000000	18.154666667	1851.562	2367.188	1968.750	
27	Spectrogram 1	1	18.250666667	24.320000000	632.812	5437.500	2531.250	
28	Spectrogram 1	1	21.216000000	21.514666667	4453.125	5320.312	4875.000	
29	Spectrogram 1	1	21.781333333	30.346666667	6070.312	6445.312	6187.500	
30	Spectrogram 1	1	22.090666667	22.197333333	4359.375	5390.625	5343.750	
31	Spectrogram 1	1	22.314666667	22.421333333	4242.188	5320.312	5156.250	
32	Spectrogram 1	1	22.997333333	23.296000000	4476.562	5343.750	4593.750	
33	Spectrogram 1	1	23.189333333	23.317333333	3656.250	4312.500	3937.500	
34	Spectrogram 1	1	23.445333333	23.562666667	4523.438	5320.312	5156.250	
35	Spectrogram 1	1	23.701333333	23.808000000	4523.438	5273.438	4781.250	
36	Spectrogram 1	1	23.936000000	24.064000000	4453.125	5296.875	5250.000	
37	Spectrogram 1	1	24.970666667	25.088000000	3023.438	5343.750	4875.000	
38	Spectrogram 1	1	24.981333333	25.109333333	10054.688	11601.562	10593.750	
39	Spectrogram 1	1	25.546666667	25.962666667	1617.188	5437.500	3937.500	
40	Spectrogram 1	1	25.589333333	25.898666667	9843.750	11671.875	9937.500	
41	Spectrogram 1	1	25.632000000	25.888000000	8156.250	8718.750	8531.250	
42	Spectrogram 1	1	26.432000000	26.613333333	4617.188	4968.750	4687.500	
43	Spectrogram 1	1	27.648000000	27.786666667	2484.375	5132.812	2812.500	
44	Spectrogram 1	1	28.341333333	28.544000000	2414.062	5414.062	4218.750	
45	Spectrogram 1	1	28.384000000	28.512000000	10171.875	11414.062	10218.750	
46	Spectrogram 1	1	29.013333333	29.141333333	3820.312	5296.875	4406.250	
47	Spectrogram 1	1	29.706666667	29.984000000	2695.312	5367.188	5156.250	
48	Spectrogram 1	1	29.728000000	29.845333333	10125.000	11414.062	10968.750	
49	Spectrogram 1	1	29.909333333	30.005333333	2203.125	3562.500	2343.750	
50	Spectrogram 1	1	30.528000000	30.602666667	4359.375	5132.812	4500.000	
51	Spectrogram 1	1	30.816000000	30.901333333	4242.188	5039.062	4500.000	
52	Spectrogram 1	1	32.490666667	32.618666667	3585.938	4781.250	3750.000	
53	Spectrogram 1	1	33.536000000	34.176000000	6914.062	14906.250	8156.250	
54	Spectrogram 1	1	33.546666667	34.272000000	93.750	5531.250	93.750	
55	Spectrogram 1	1	34.304000000	34.485333333	3468.750	5203.125	4875.000	
56	Spectrogram 1	1	34.666666667	35.242666667	2015.625	5367.188	4218.750	
57	Spectrogram 1	1	35.050666667	35.221333333	10078.125	11015.625	10125.000	
58	Spectrogram 1	1	35.360000000	35.488000000	3046.875	5296.875	3187.500	
59	Spectrogram 1	1	35.584000000	36.032000000	820.312	5390.625	1687.500	
60	Spectrogram 1	1	35.626666667	35.744000000	10054.688	11367.188	10781.250	
61	Spectrogram 1	1	35.850666667	36.032000000	9867.188	11507.812	9937.500	
62	Spectrogram 1	1	36.192000000	37.376000000	281.250	5460.938	843.750	
63	Spectrogram 1	1	36.202666667	36.917333333	7992.188	12328.125	8437.500	
64	Spectrogram 1	1	36.224000000	36.362666667	8132.812	9328.125	8812.500	
65	Spectrogram 1	1	36.554666667	36.714666667	12773.438	14132.812	12843.750	
66	Spectrogram 1	1	37.034666667	37.269333333	9773.438	11507.812	10031.250	
67	Spectrogram 1	1	37.066666667	37.205333333	8085.938	8718.750	8531.250	
68	Spectrogram 1	1	39.850666667	40.874666667	632.812	5320.312	937.500	
69	Spectrogram 1	1	40.138666667	40.256000000	4242.188	5203.125	4875.000	
70	Spectrogram 1	1	40.170666667	40.480000000	10312.500	11132.812	10312.500	
71	Spectrogram 1	1	40.661333333	41.856000000	492.188	5460.938	3281.250	
72	Spectrogram 1	1	40.714666667	41.845333333	7289.062	12539.062	9562.500	
73	Spectrogram 1	1	41.034666667	41.589333333	12703.125	14742.188	12843.750	
74	Spectrogram 1	1	42.026666667	42.368000000	8039.062	9515.625	8250.000	
75	Spectrogram 1	1	42.048000000	43.669333333	6820.312	16945.312	9187.500	
76	Spectrogram 1	1	42.048000000	42.389333333	2179.688	5367.188	4031.250	
77	Spectrogram 1	1	42.453333333	43.669333333	796.875	5484.375	3656.250	
78	Spectrogram 1	1	43.029333333	43.253333333	12820.312	13617.188	13031.250	
79	Spectrogram 1	1	43.872000000	44.394666667	9679.688	11625.000	9750.000	
80	Spectrogram 1	1	43.882666667	44.288000000	8226.562	9445.312	9187.500	
81	Spectrogram 1	1	43.882666667	44.394666667	984.375	5320.312	1125.000	
82	Spectrogram 1	1	44.608000000	46.720000000	6843.750	17859.375	8625.000	
83	Spectrogram 1	1	44.928000000	45.013333333	12843.750	13406.250	13125.000	
84	Spectrogram 1	1	46.933333333	47.104000000	9960.938	11320.312	10312.500	
85	Spectrogram 1	1	46.954666667	47.082666667	8250.000	9070.312	8250.000	
86	Spectrogram 1	1	47.221333333	47.946666667	7570.312	11625.000	7781.250	
87	Spectrogram 1	1	48.853333333	48.938666667	10312.500	11156.250	10406.250	
88	Spectrogram 1	1	48.853333333	48.928000000	3562.500	4734.375	4125.000	
89	Spectrogram 1	1	49.472000000	49.632000000	10171.875	11179.688	10500.000	
90	Spectrogram 1	1	50.058666667	50.186666667	10031.250	11554.688	10031.250	
91	Spectrogram 1	1	51.040000000	51.136000000	679.688	1664.062	1031.250	
92	Spectrogram 1	1	51.264000000	51.445333333	4429.688	5296.875	5250.000	
93	Spectrogram 1	1	51.274666667	51.456000000	10335.938	11085.938	10781.250	
94	Spectrogram 1	1	54.773333333	55.093333333	10195.312	10734.375	10500.000	
95	Spectrogram 1	1	55.221333333	55.392000000	2835.938	3140.625	3093.750	
96	Spectrogram 1	1	55.989333333	56.138666667	2789.062	3515.625	3093.750	
97	Spectrogram 1	1	56.512000000	56.704000000	2812.500	3187.500	3093.750	
98	Spectrogram 1	1	57.088000000	57.280000000	2812.500	3843.750	3093.750	
99	Spectrogram 1	1	57.610666667	57.941333333	2882.812	3820.312	3093.750	
100	Spectrogram 1	1	59.146666667	59.413333333	2601.562	4101.562	3093.750	
101	Spectrogram 1	1	59.712000000	59.989333333	656.250	1828.125	1031.250	
102	Spectrogram 1	1	59.733333333	59.989333333	2179.688	3867.188	3093.750	
