Selection	View	Channel	Begin Time (s)	End Time (s)	Low Freq (Hz)	High Freq (Hz)	Peak Freq (Hz)	Event
1	Spectrogram 1	1	0.256000000	0.352000000	6328.125	6820.312	6750.000	
2	Spectrogram 1	1	0.544000000	0.693333333	4171.875	4570.312	4312.500	
3	Spectrogram 1	1	1.322666667	1.909333333	703.125	1101.562	843.750	
4	Spectrogram 1	1	1.674666667	1.962666667	4171.875	4570.312	4218.750	
5	Spectrogram 1	1	1.792000000	2.037333333	8343.750	8789.062	8625.000	
6	Spectrogram 1	1	2.560000000	2.741333333	8296.875	8742.188	8531.250	
7	Spectrogram 1	1	2.592000000	2.677333333	5320.312	6187.500	6000.000	
8	Spectrogram 1	1	2.592000000	2.730666667	4148.438	4617.188	4312.500	
9	Spectrogram 1	1	3.200000000	3.424000000	8460.938	8812.500	8625.000	
10	Spectrogram 1	1	3.690666667	3.882666667	796.875	1101.562	937.500	
11	Spectrogram 1	1	4.512000000	4.746666667	4148.438	4781.250	4218.750	
12	Spectrogram 1	1	5.941333333	6.069333333	20343.750	20835.938	20437.500	
13	Spectrogram 1	1	6.464000000	6.741333333	4148.438	4664.062	4218.750	
14	Spectrogram 1	1	6.816000000	7.029333333	796.875	1710.938	937.500	
15	Spectrogram 1	1	6.826666667	7.040000000	1945.312	2718.750	2625.000	
16	Spectrogram 1	1	7.904000000	8.234666667	960.938	1593.750	1500.000	
17	Spectrogram 1	1	8.458666667	8.714666667	4148.438	4640.625	4218.750	
18	Spectrogram 1	1	8.522666667	8.672000000	6656.250	7289.062	6937.500	
19	Spectrogram 1	1	9.845333333	10.186666667	726.562	1242.188	1125.000	
20	Spectrogram 1	1	10.304000000	10.592000000	4171.875	5250.000	4218.750	
21	Spectrogram 1	1	10.880000000	12.714666667	1640.625	2226.562	1968.750	Crypturellus_soui 
22	Spectrogram 1	1	11.488000000	11.648000000	19171.875	20414.062	19875.000	
23	Spectrogram 1	1	12.064000000	12.170666667	18703.125	19289.062	19125.000	
24	Spectrogram 1	1	12.202666667	12.341333333	4148.438	4570.312	4218.750	
25	Spectrogram 1	1	12.565333333	12.928000000	4148.438	5296.875	5156.250	
26	Spectrogram 1	1	12.981333333	13.120000000	20507.812	21210.938	21000.000	
27	Spectrogram 1	1	14.538666667	14.816000000	4148.438	4804.688	4218.750	
28	Spectrogram 1	1	15.082666667	15.189333333	4500.000	5085.938	5062.500	
29	Spectrogram 1	1	16.416000000	16.512000000	6117.188	6914.062	6843.750	
30	Spectrogram 1	1	17.152000000	17.322666667	4148.438	4945.312	4218.750	
31	Spectrogram 1	1	17.290666667	17.418666667	19898.438	21304.688	20437.500	
32	Spectrogram 1	1	18.112000000	18.741333333	539.062	2156.250	750.000	
33	Spectrogram 1	1	18.602666667	18.773333333	5062.500	6445.312	5156.250	
34	Spectrogram 1	1	18.762666667	19.018666667	4218.750	4828.125	4312.500	
35	Spectrogram 1	1	19.360000000	19.520000000	4406.250	4828.125	4406.250	
36	Spectrogram 1	1	20.469333333	20.640000000	4265.625	4640.625	4312.500	
37	Spectrogram 1	1	21.472000000	21.738666667	4289.062	5015.625	4406.250	
38	Spectrogram 1	1	22.144000000	22.293333333	703.125	1664.062	750.000	
39	Spectrogram 1	1	22.165333333	22.304000000	4453.125	4921.875	4875.000	
40	Spectrogram 1	1	22.954666667	23.274666667	515.625	1710.938	1031.250	
41	Spectrogram 1	1	23.050666667	23.296000000	2039.062	2695.312	2250.000	
42	Spectrogram 1	1	23.648000000	23.893333333	4218.750	4921.875	4593.750	
43	Spectrogram 1	1	23.904000000	24.213333333	679.688	1757.812	937.500	
44	Spectrogram 1	1	23.968000000	24.128000000	4640.625	5765.625	5156.250	
45	Spectrogram 1	1	24.021333333	24.160000000	20226.562	21187.500	21000.000	
46	Spectrogram 1	1	24.234666667	24.458666667	4523.438	5320.312	5156.250	
47	Spectrogram 1	1	24.288000000	24.896000000	843.750	1968.750	1781.250	
48	Spectrogram 1	1	24.970666667	27.146666667	492.188	2109.375	1125.000	Crypturellus_soui 
49	Spectrogram 1	1	25.792000000	26.069333333	4359.375	4945.312	4593.750	
50	Spectrogram 1	1	26.101333333	26.773333333	8929.688	9328.125	9093.750	
51	Spectrogram 1	1	26.197333333	26.389333333	4500.000	4921.875	4875.000	
52	Spectrogram 1	1	26.645333333	26.762666667	4710.938	5296.875	5156.250	
53	Spectrogram 1	1	27.498666667	27.722666667	8906.250	9304.688	9093.750	
54	Spectrogram 1	1	27.605333333	27.776000000	4593.750	5015.625	4968.750	
55	Spectrogram 1	1	27.893333333	28.128000000	8929.688	9281.250	9093.750	
56	Spectrogram 1	1	27.968000000	28.373333333	4382.812	4968.750	4500.000	
57	Spectrogram 1	1	28.256000000	28.480000000	8882.812	9281.250	9000.000	
58	Spectrogram 1	1	28.576000000	29.013333333	4195.312	4921.875	4875.000	
59	Spectrogram 1	1	28.821333333	29.077333333	984.375	1523.438	1125.000	
60	Spectrogram 1	1	28.853333333	29.013333333	1875.000	2203.125	2062.500	
61	Spectrogram 1	1	29.312000000	29.546666667	4242.188	5015.625	4312.500	
62	Spectrogram 1	1	29.429333333	30.357333333	750.000	1875.000	937.500	
63	Spectrogram 1	1	29.760000000	29.920000000	4687.500	5179.688	5156.250	
64	Spectrogram 1	1	30.122666667	30.730666667	8906.250	9328.125	9093.750	
65	Spectrogram 1	1	30.602666667	30.826666667	20156.250	21585.938	20906.250	
66	Spectrogram 1	1	30.741333333	31.445333333	4195.312	4945.312	4500.000	
67	Spectrogram 1	1	30.848000000	32.096000000	8742.188	9351.562	9093.750	
68	Spectrogram 1	1	30.933333333	31.968000000	703.125	2015.625	1031.250	
69	Spectrogram 1	1	31.690666667	31.850666667	4406.250	5062.500	5062.500	
70	Spectrogram 1	1	32.053333333	35.200000000	632.812	2460.938	1031.250	
71	Spectrogram 1	1	32.277333333	32.501333333	8718.750	9234.375	8718.750	
72	Spectrogram 1	1	32.533333333	33.216000000	4359.375	5156.250	4500.000	
73	Spectrogram 1	1	32.608000000	32.906666667	8695.312	9210.938	8718.750	
74	Spectrogram 1	1	33.322666667	33.589333333	8929.688	9281.250	9093.750	
75	Spectrogram 1	1	33.696000000	34.304000000	8929.688	9281.250	9093.750	
76	Spectrogram 1	1	34.122666667	34.442666667	4171.875	4804.688	4312.500	
77	Spectrogram 1	1	34.410666667	35.018666667	8953.125	9257.812	9093.750	
78	Spectrogram 1	1	34.901333333	35.146666667	4218.750	4875.000	4500.000	
79	Spectrogram 1	1	35.104000000	35.413333333	8953.125	9281.250	9093.750	
80	Spectrogram 1	1	35.189333333	35.317333333	20015.625	21210.938	21000.000	
81	Spectrogram 1	1	35.541333333	35.776000000	8953.125	9328.125	9093.750	
82	Spectrogram 1	1	35.925333333	36.160000000	8953.125	9281.250	9093.750	
83	Spectrogram 1	1	36.501333333	36.618666667	5484.375	5929.688	5906.250	
84	Spectrogram 1	1	36.629333333	36.960000000	4195.312	4945.312	4312.500	
85	Spectrogram 1	1	36.640000000	36.896000000	8953.125	9328.125	9093.750	
86	Spectrogram 1	1	38.368000000	38.549333333	4664.062	4968.750	4875.000	
87	Spectrogram 1	1	38.517333333	38.837333333	1031.250	2789.062	2625.000	
88	Spectrogram 1	1	38.656000000	38.890666667	8929.688	9257.812	9093.750	
89	Spectrogram 1	1	39.082666667	40.501333333	1078.125	2812.500	1875.000	Crypturellus_soui 
90	Spectrogram 1	1	39.317333333	39.797333333	4195.312	4945.312	4312.500	
91	Spectrogram 1	1	40.085333333	40.714666667	703.125	1125.000	843.750	
92	Spectrogram 1	1	40.650666667	40.970666667	4453.125	4945.312	4781.250	
93	Spectrogram 1	1	41.066666667	41.536000000	632.812	1125.000	937.500	
94	Spectrogram 1	1	41.248000000	41.514666667	1289.062	1687.500	1500.000	
95	Spectrogram 1	1	41.653333333	41.952000000	703.125	1007.812	843.750	
96	Spectrogram 1	1	41.781333333	41.909333333	19570.312	20367.188	19781.250	
97	Spectrogram 1	1	41.781333333	41.877333333	18773.438	19335.938	18937.500	
98	Spectrogram 1	1	41.781333333	42.709333333	7664.062	8554.688	8531.250	
99	Spectrogram 1	1	41.781333333	42.218666667	4218.750	4992.188	4875.000	
100	Spectrogram 1	1	42.026666667	42.570666667	585.938	2953.125	1031.250	
101	Spectrogram 1	1	42.453333333	42.560000000	4171.875	4828.125	4218.750	
102	Spectrogram 1	1	43.946666667	44.245333333	8132.812	8578.125	8531.250	
103	Spectrogram 1	1	43.957333333	44.266666667	4289.062	4875.000	4500.000	
104	Spectrogram 1	1	44.618666667	44.938666667	8109.375	8484.375	8437.500	
105	Spectrogram 1	1	45.173333333	45.536000000	7992.188	8554.688	8437.500	
106	Spectrogram 1	1	45.269333333	45.376000000	4148.438	4687.500	4312.500	
107	Spectrogram 1	1	45.280000000	45.376000000	20648.438	21398.438	20812.500	
108	Spectrogram 1	1	45.674666667	45.920000000	8203.125	8554.688	8531.250	
109	Spectrogram 1	1	46.144000000	46.325333333	4406.250	4828.125	4406.250	
110	Spectrogram 1	1	46.773333333	47.093333333	8109.375	8484.375	8437.500	
111	Spectrogram 1	1	46.805333333	47.210666667	4218.750	5203.125	5156.250	
112	Spectrogram 1	1	47.381333333	47.552000000	4335.938	4804.688	4406.250	
113	Spectrogram 1	1	47.797333333	48.448000000	7804.688	8695.312	8437.500	
114	Spectrogram 1	1	48.042666667	48.544000000	1500.000	2132.812	1968.750	Crypturellus_soui 
115	Spectrogram 1	1	48.192000000	48.362666667	726.562	1148.438	843.750	
116	Spectrogram 1	1	48.448000000	48.597333333	4171.875	4898.438	4312.500	
117	Spectrogram 1	1	48.725333333	49.376000000	1546.875	2132.812	1968.750	Crypturellus_soui 
118	Spectrogram 1	1	48.736000000	49.354666667	4289.062	4921.875	4500.000	
119	Spectrogram 1	1	49.098666667	49.269333333	750.000	1125.000	750.000	
120	Spectrogram 1	1	49.557333333	49.760000000	8015.625	8601.562	8531.250	
121	Spectrogram 1	1	49.578666667	49.898666667	726.562	1054.688	937.500	
122	Spectrogram 1	1	49.930666667	52.896000000	7945.312	8671.875	8437.500	
123	Spectrogram 1	1	50.272000000	50.389333333	4429.688	4921.875	4875.000	
124	Spectrogram 1	1	51.349333333	51.776000000	4195.312	4875.000	4500.000	
125	Spectrogram 1	1	52.202666667	54.250666667	1312.500	2156.250	1406.250	
126	Spectrogram 1	1	52.842666667	52.992000000	4382.812	4804.688	4500.000	
127	Spectrogram 1	1	53.045333333	53.898666667	7945.312	8625.000	8437.500	
128	Spectrogram 1	1	53.493333333	53.813333333	4242.188	4851.562	4593.750	
129	Spectrogram 1	1	53.834666667	54.133333333	726.562	1054.688	937.500	
130	Spectrogram 1	1	54.250666667	54.634666667	5179.688	5976.562	5812.500	
131	Spectrogram 1	1	54.250666667	54.538666667	750.000	1078.125	843.750	
132	Spectrogram 1	1	54.357333333	54.549333333	8882.812	9234.375	9000.000	
133	Spectrogram 1	1	54.528000000	54.645333333	4335.938	4781.250	4500.000	
134	Spectrogram 1	1	54.698666667	54.922666667	8859.375	9281.250	9093.750	
135	Spectrogram 1	1	54.816000000	55.509333333	773.438	2203.125	1031.250	
136	Spectrogram 1	1	54.826666667	55.018666667	23085.938	23437.500	23437.500	
137	Spectrogram 1	1	55.104000000	55.306666667	8929.688	9234.375	9093.750	
138	Spectrogram 1	1	55.242666667	55.424000000	5156.250	6140.625	5156.250	
139	Spectrogram 1	1	55.264000000	55.488000000	23343.750	24000.000	23343.750	
140	Spectrogram 1	1	55.296000000	56.533333333	8179.688	8648.438	8437.500	
141	Spectrogram 1	1	55.466666667	55.669333333	8906.250	9210.938	9093.750	
142	Spectrogram 1	1	55.520000000	59.989333333	257.812	2625.000	937.500	
143	Spectrogram 1	1	55.594666667	55.989333333	22664.062	24000.000	23062.500	
144	Spectrogram 1	1	55.658666667	55.786666667	5156.250	6093.750	5156.250	
145	Spectrogram 1	1	55.701333333	56.160000000	4289.062	4921.875	4500.000	
146	Spectrogram 1	1	56.949333333	58.858666667	8132.812	8718.750	8531.250	
147	Spectrogram 1	1	57.248000000	57.493333333	4218.750	4945.312	4218.750	
148	Spectrogram 1	1	57.802666667	58.080000000	4429.688	4945.312	4593.750	
149	Spectrogram 1	1	58.368000000	58.560000000	4429.688	4992.188	4875.000	
150	Spectrogram 1	1	58.933333333	59.189333333	8273.438	8601.562	8531.250	
151	Spectrogram 1	1	59.285333333	59.616000000	8179.688	8695.312	8531.250	
152	Spectrogram 1	1	59.317333333	59.456000000	4289.062	4875.000	4500.000	
153	Spectrogram 1	1	59.701333333	59.914666667	8343.750	8648.438	8531.250	
154	Spectrogram 1	1	59.797333333	59.968000000	4406.250	4921.875	4875.000	
