Selection	View	Channel	Begin Time (s)	End Time (s)	Low Freq (Hz)	High Freq (Hz)	Peak Freq (Hz)	Event
1	Spectrogram 1	1	0.960000000	1.269333333	7523.438	15984.375	7687.500	
2	Spectrogram 1	1	0.981333333	1.184000000	562.500	4875.000	3000.000	
3	Spectrogram 1	1	0.992000000	1.077333333	20554.688	21960.938	20718.750	
4	Spectrogram 1	1	0.992000000	1.066666667	18750.000	20343.750	19406.250	
5	Spectrogram 1	1	1.642666667	2.197333333	10968.750	11695.312	11156.250	
6	Spectrogram 1	1	1.749333333	1.909333333	10687.500	11062.500	10875.000	
7	Spectrogram 1	1	1.792000000	2.240000000	5343.750	5882.812	5437.500	
8	Spectrogram 1	1	2.485333333	5.333333333	867.188	2835.938	2531.250	
9	Spectrogram 1	1	3.509333333	3.840000000	11203.125	12117.188	11250.000	
10	Spectrogram 1	1	4.789333333	5.194666667	11226.562	11718.750	11625.000	
11	Spectrogram 1	1	5.024000000	5.162666667	3070.312	3562.500	3093.750	
12	Spectrogram 1	1	5.845333333	6.101333333	11320.312	11648.438	11531.250	
13	Spectrogram 1	1	5.877333333	6.186666667	9093.750	11132.812	9375.000	
14	Spectrogram 1	1	5.877333333	6.058666667	3257.812	3585.938	3562.500	
15	Spectrogram 1	1	5.930666667	6.048000000	2203.125	2812.500	2531.250	
16	Spectrogram 1	1	6.229333333	6.389333333	1781.250	2976.562	2718.750	
17	Spectrogram 1	1	6.240000000	6.656000000	11179.688	11484.375	11250.000	
18	Spectrogram 1	1	7.008000000	7.317333333	773.438	3632.812	3562.500	
19	Spectrogram 1	1	7.061333333	7.648000000	7851.562	12890.625	8156.250	
20	Spectrogram 1	1	7.093333333	7.274666667	3773.438	4710.938	3843.750	
21	Spectrogram 1	1	7.392000000	7.744000000	2507.812	3492.188	3187.500	
22	Spectrogram 1	1	7.786666667	8.064000000	2507.812	2835.938	2718.750	
23	Spectrogram 1	1	8.309333333	8.992000000	11203.125	11718.750	11625.000	
24	Spectrogram 1	1	8.309333333	8.842666667	5578.125	5882.812	5625.000	
25	Spectrogram 1	1	8.661333333	9.077333333	1687.500	3375.000	3187.500	
26	Spectrogram 1	1	9.429333333	9.930666667	11109.375	11625.000	11250.000	
27	Spectrogram 1	1	9.440000000	9.856000000	5507.812	5812.500	5625.000	
28	Spectrogram 1	1	11.946666667	12.565333333	10851.562	11554.688	11343.750	
29	Spectrogram 1	1	12.085333333	12.448000000	5460.938	5789.062	5625.000	
30	Spectrogram 1	1	13.312000000	14.090666667	7734.375	12820.312	7781.250	
31	Spectrogram 1	1	13.365333333	16.032000000	1617.188	2882.812	2437.500	Dendroplex_picus
32	Spectrogram 1	1	13.525333333	13.706666667	5671.875	5976.562	5812.500	
33	Spectrogram 1	1	15.754666667	16.842666667	10804.688	11718.750	11250.000	
34	Spectrogram 1	1	15.754666667	15.882666667	3093.750	3539.062	3187.500	
35	Spectrogram 1	1	15.978666667	16.288000000	3210.938	3562.500	3375.000	
36	Spectrogram 1	1	16.256000000	16.832000000	5460.938	5953.125	5625.000	
37	Spectrogram 1	1	17.536000000	17.674666667	3117.188	3539.062	3187.500	
38	Spectrogram 1	1	17.877333333	18.069333333	1851.562	3445.312	3093.750	
39	Spectrogram 1	1	18.880000000	18.965333333	10945.312	11976.562	11062.500	
40	Spectrogram 1	1	19.445333333	20.394666667	10570.312	11554.688	11343.750	
41	Spectrogram 1	1	19.498666667	20.341333333	5109.375	5765.625	5625.000	
42	Spectrogram 1	1	20.757333333	21.077333333	3140.625	3703.125	3656.250	
43	Spectrogram 1	1	20.906666667	21.141333333	11273.438	11625.000	11343.750	
44	Spectrogram 1	1	21.194666667	21.546666667	2765.625	3679.688	3656.250	
45	Spectrogram 1	1	21.930666667	22.101333333	10242.188	10945.312	10875.000	
46	Spectrogram 1	1	22.197333333	22.698666667	11179.688	11671.875	11343.750	
47	Spectrogram 1	1	22.208000000	22.656000000	5203.125	5859.375	5625.000	
48	Spectrogram 1	1	22.272000000	22.666666667	10593.750	10945.312	10687.500	
49	Spectrogram 1	1	24.138666667	24.586666667	11414.062	11718.750	11531.250	
50	Spectrogram 1	1	24.373333333	26.282666667	1710.938	2554.688	2343.750	Dendroplex_picus
51	Spectrogram 1	1	26.816000000	26.965333333	1710.938	2039.062	1968.750	
52	Spectrogram 1	1	27.317333333	27.530666667	1593.750	1992.188	1875.000	
53	Spectrogram 1	1	27.520000000	27.712000000	2367.188	2906.250	2906.250	
54	Spectrogram 1	1	27.605333333	27.797333333	1617.188	1968.750	1875.000	
55	Spectrogram 1	1	28.394666667	31.872000000	1523.438	2859.375	2437.500	
56	Spectrogram 1	1	29.066666667	29.237333333	1617.188	1945.312	1687.500	
57	Spectrogram 1	1	29.205333333	29.653333333	5156.250	5554.688	5250.000	
58	Spectrogram 1	1	29.280000000	29.632000000	10523.438	10828.125	10687.500	
59	Spectrogram 1	1	30.069333333	30.421333333	5578.125	5953.125	5718.750	
60	Spectrogram 1	1	30.122666667	30.357333333	11296.875	11648.438	11531.250	
61	Spectrogram 1	1	31.029333333	31.274666667	3210.938	3562.500	3468.750	
62	Spectrogram 1	1	31.402666667	31.829333333	2625.000	3539.062	3187.500	
63	Spectrogram 1	1	32.768000000	33.056000000	11437.500	12492.188	12468.750	
64	Spectrogram 1	1	32.842666667	33.002666667	773.438	2929.688	1687.500	
65	Spectrogram 1	1	33.525333333	33.610666667	1828.125	2367.188	2156.250	
66	Spectrogram 1	1	33.984000000	34.069333333	1921.875	2460.938	2250.000	
67	Spectrogram 1	1	34.197333333	34.517333333	1851.562	2414.062	2250.000	
68	Spectrogram 1	1	34.314666667	34.506666667	9539.062	11039.062	10875.000	
69	Spectrogram 1	1	34.368000000	34.698666667	5203.125	5601.562	5250.000	
70	Spectrogram 1	1	34.901333333	35.658666667	11226.562	11718.750	11250.000	
71	Spectrogram 1	1	34.901333333	35.413333333	5554.688	5953.125	5718.750	
72	Spectrogram 1	1	35.114666667	37.941333333	1500.000	3562.500	3562.500	
73	Spectrogram 1	1	35.242666667	35.360000000	1898.438	2437.500	2343.750	
74	Spectrogram 1	1	35.605333333	37.184000000	820.312	1453.125	1031.250	
75	Spectrogram 1	1	35.808000000	36.213333333	10546.875	10921.875	10687.500	
76	Spectrogram 1	1	36.960000000	37.365333333	10710.938	11648.438	10875.000	
77	Spectrogram 1	1	36.970666667	37.301333333	5132.812	5882.812	5718.750	
78	Spectrogram 1	1	37.920000000	38.528000000	11179.688	11695.312	11250.000	
79	Spectrogram 1	1	37.994666667	38.314666667	5554.688	5906.250	5625.000	
80	Spectrogram 1	1	38.058666667	38.250666667	1804.688	2437.500	2156.250	
81	Spectrogram 1	1	38.378666667	38.560000000	2015.625	2507.812	2343.750	
82	Spectrogram 1	1	38.794666667	39.552000000	4992.188	5578.125	5437.500	
83	Spectrogram 1	1	38.826666667	39.690666667	10195.312	11460.938	10500.000	
84	Spectrogram 1	1	38.848000000	38.986666667	1921.875	2367.188	2156.250	
85	Spectrogram 1	1	40.053333333	40.458666667	8554.688	12351.562	8625.000	
86	Spectrogram 1	1	40.352000000	41.418666667	796.875	1617.188	937.500	
87	Spectrogram 1	1	40.768000000	40.917333333	10476.562	11039.062	10968.750	
88	Spectrogram 1	1	40.778666667	40.938666667	5156.250	5484.375	5343.750	
89	Spectrogram 1	1	41.002666667	41.461333333	10125.000	11695.312	10500.000	
90	Spectrogram 1	1	41.066666667	41.504000000	5203.125	5859.375	5625.000	
91	Spectrogram 1	1	41.930666667	42.432000000	5156.250	5554.688	5343.750	
92	Spectrogram 1	1	42.026666667	42.421333333	10500.000	10898.438	10687.500	
93	Spectrogram 1	1	42.784000000	44.074666667	304.688	632.812	468.750	Alouatta_sp
94	Spectrogram 1	1	43.274666667	43.744000000	3093.750	3703.125	3656.250	
95	Spectrogram 1	1	43.392000000	43.978666667	10171.875	10664.062	10500.000	
96	Spectrogram 1	1	43.530666667	43.829333333	2039.062	2367.188	2156.250	
97	Spectrogram 1	1	44.405333333	44.586666667	1851.562	2179.688	2062.500	
98	Spectrogram 1	1	44.778666667	45.706666667	8062.500	12468.750	8812.500	
99	Spectrogram 1	1	44.981333333	45.418666667	5296.875	5765.625	5531.250	
100	Spectrogram 1	1	45.130666667	45.280000000	1476.562	2296.875	1593.750	
101	Spectrogram 1	1	45.738666667	45.941333333	11273.438	11625.000	11531.250	
102	Spectrogram 1	1	46.240000000	46.400000000	1828.125	2226.562	2156.250	
103	Spectrogram 1	1	47.189333333	47.626666667	10664.062	11156.250	11062.500	
104	Spectrogram 1	1	47.232000000	47.637333333	5203.125	5578.125	5437.500	
105	Spectrogram 1	1	47.306666667	47.434666667	9656.250	10382.812	9750.000	
106	Spectrogram 1	1	47.562666667	51.264000000	937.500	3539.062	3093.750	
107	Spectrogram 1	1	49.728000000	50.154666667	5203.125	5601.562	5531.250	
108	Spectrogram 1	1	49.770666667	49.930666667	10687.500	11062.500	10968.750	
109	Spectrogram 1	1	49.824000000	50.048000000	3046.875	3562.500	3093.750	
110	Spectrogram 1	1	50.634666667	51.274666667	3140.625	3632.812	3562.500	
111	Spectrogram 1	1	51.157333333	51.605333333	11132.812	11437.500	11250.000	
112	Spectrogram 1	1	51.594666667	52.202666667	1781.250	2390.625	2156.250	
113	Spectrogram 1	1	51.818666667	52.629333333	10195.312	11085.938	10968.750	
114	Spectrogram 1	1	51.818666667	52.064000000	3304.688	3632.812	3562.500	
115	Spectrogram 1	1	52.010666667	52.469333333	11414.062	15679.688	13500.000	
116	Spectrogram 1	1	52.256000000	52.640000000	5296.875	5601.562	5437.500	
117	Spectrogram 1	1	53.237333333	53.845333333	11203.125	11812.500	11250.000	
118	Spectrogram 1	1	53.354666667	53.685333333	1828.125	2414.062	2062.500	
119	Spectrogram 1	1	53.472000000	53.781333333	5507.812	5976.562	5625.000	
120	Spectrogram 1	1	53.781333333	56.234666667	937.500	3632.812	3562.500	
121	Spectrogram 1	1	54.080000000	54.357333333	3140.625	3609.375	3562.500	
122	Spectrogram 1	1	55.616000000	56.042666667	11179.688	11718.750	11250.000	
123	Spectrogram 1	1	55.690666667	56.053333333	5531.250	5929.688	5625.000	
124	Spectrogram 1	1	56.330666667	59.946666667	726.562	3234.375	3093.750	
125	Spectrogram 1	1	56.746666667	56.874666667	937.500	1359.375	1218.750	
126	Spectrogram 1	1	57.344000000	57.728000000	5250.000	5976.562	5531.250	
127	Spectrogram 1	1	57.376000000	57.813333333	3281.250	3656.250	3656.250	
128	Spectrogram 1	1	57.621333333	57.888000000	4195.312	4546.875	4312.500	
129	Spectrogram 1	1	57.642666667	58.101333333	11367.188	11718.750	11531.250	
130	Spectrogram 1	1	57.952000000	58.165333333	3328.125	3656.250	3656.250	
131	Spectrogram 1	1	59.146666667	59.520000000	11273.438	11671.875	11625.000	
132	Spectrogram 1	1	59.456000000	59.744000000	5203.125	5554.688	5437.500	
