Selection	View	Channel	Begin Time (s)	End Time (s)	Low Freq (Hz)	High Freq (Hz)	Peak Freq (Hz)	Event
1	Spectrogram 1	1	0.010666667	0.533333333	4382.812	6585.938	6375.000	
2	Spectrogram 1	1	0.576000000	0.746666667	4101.562	4710.938	4218.750	
3	Spectrogram 1	1	1.696000000	1.888000000	4898.438	6656.250	6562.500	
4	Spectrogram 1	1	2.538666667	3.093333333	5250.000	7101.562	6187.500	
5	Spectrogram 1	1	2.741333333	2.880000000	4054.688	4710.938	4218.750	
6	Spectrogram 1	1	3.669333333	3.989333333	4992.188	6281.250	5812.500	
7	Spectrogram 1	1	4.416000000	4.789333333	4078.125	4968.750	4218.750	
8	Spectrogram 1	1	4.704000000	5.312000000	2648.438	3351.562	3187.500	Crotophaga_ani
9	Spectrogram 1	1	4.736000000	5.269333333	5132.812	6703.125	6000.000	
10	Spectrogram 1	1	6.421333333	6.560000000	4101.562	4664.062	4218.750	
11	Spectrogram 1	1	7.968000000	8.160000000	5132.812	6164.062	5250.000	
12	Spectrogram 1	1	8.149333333	8.373333333	4054.688	4968.750	4218.750	
13	Spectrogram 1	1	9.322666667	9.898666667	4523.438	6750.000	6000.000	
14	Spectrogram 1	1	9.557333333	9.706666667	3000.000	3468.750	3468.750	
15	Spectrogram 1	1	9.568000000	9.717333333	9351.562	9750.000	9562.500	
16	Spectrogram 1	1	10.794666667	10.933333333	4054.688	4757.812	4218.750	
17	Spectrogram 1	1	11.893333333	12.053333333	4640.625	5156.250	5062.500	
18	Spectrogram 1	1	12.266666667	12.629333333	4031.250	6210.938	5906.250	
19	Spectrogram 1	1	12.960000000	13.536000000	4335.938	6937.500	5718.750	
20	Spectrogram 1	1	14.261333333	14.400000000	4640.625	5179.688	5062.500	
21	Spectrogram 1	1	15.424000000	15.872000000	4195.312	6726.562	6187.500	
22	Spectrogram 1	1	15.904000000	16.032000000	4687.500	5179.688	5062.500	
23	Spectrogram 1	1	16.778666667	17.418666667	4195.312	6937.500	6093.750	
24	Spectrogram 1	1	17.408000000	22.805333333	843.750	3492.188	2156.250	
25	Spectrogram 1	1	18.581333333	18.912000000	4968.750	6632.812	6375.000	
26	Spectrogram 1	1	19.434666667	20.096000000	4429.688	6890.625	6000.000	
27	Spectrogram 1	1	20.693333333	21.098666667	4570.312	5320.312	5250.000	
28	Spectrogram 1	1	21.098666667	21.749333333	5390.625	6539.062	5718.750	
29	Spectrogram 1	1	23.285333333	23.392000000	4734.375	5390.625	5343.750	
30	Spectrogram 1	1	25.429333333	25.578666667	2203.125	2671.875	2437.500	
31	Spectrogram 1	1	25.557333333	26.453333333	4078.125	6960.938	6000.000	
32	Spectrogram 1	1	25.952000000	26.058666667	9445.312	10265.625	9750.000	
33	Spectrogram 1	1	27.370666667	27.541333333	2437.500	3398.438	3375.000	
34	Spectrogram 1	1	27.626666667	27.968000000	2718.750	3492.188	3281.250	Crotophaga_ani
35	Spectrogram 1	1	27.818666667	29.013333333	4265.625	7031.250	5906.250	
36	Spectrogram 1	1	27.893333333	28.010666667	11414.062	11906.250	11625.000	
37	Spectrogram 1	1	28.650666667	28.778666667	9445.312	9937.500	9656.250	
38	Spectrogram 1	1	29.333333333	29.546666667	4945.312	6000.000	5156.250	
39	Spectrogram 1	1	29.546666667	29.717333333	4476.562	4921.875	4781.250	
40	Spectrogram 1	1	29.866666667	30.336000000	4335.938	6796.875	6281.250	
41	Spectrogram 1	1	29.930666667	30.080000000	9960.938	10875.000	10593.750	
42	Spectrogram 1	1	29.941333333	30.026666667	11156.250	11765.625	11343.750	
43	Spectrogram 1	1	30.762666667	31.306666667	4195.312	7335.938	6750.000	
44	Spectrogram 1	1	30.794666667	31.018666667	9234.375	10781.250	9375.000	
45	Spectrogram 1	1	30.805333333	31.040000000	11320.312	15984.375	13781.250	
46	Spectrogram 1	1	30.858666667	30.965333333	20320.312	21984.375	20812.500	
47	Spectrogram 1	1	31.818666667	32.672000000	4078.125	7523.438	6000.000	
48	Spectrogram 1	1	31.829333333	32.021333333	9304.688	12679.688	9468.750	
49	Spectrogram 1	1	32.117333333	32.213333333	2812.500	3375.000	3375.000	
50	Spectrogram 1	1	32.128000000	32.394666667	9140.625	16078.125	9281.250	
51	Spectrogram 1	1	32.213333333	32.309333333	20179.688	21492.188	21375.000	
52	Spectrogram 1	1	32.213333333	32.309333333	19148.438	20015.625	19687.500	
53	Spectrogram 1	1	33.365333333	34.240000000	4125.000	7125.000	6000.000	
54	Spectrogram 1	1	33.610666667	33.728000000	11156.250	12398.438	11437.500	
55	Spectrogram 1	1	33.632000000	33.749333333	12726.562	13921.875	12937.500	
56	Spectrogram 1	1	33.898666667	34.037333333	2671.875	3304.688	2812.500	
57	Spectrogram 1	1	33.941333333	34.037333333	9210.938	9960.938	9281.250	
58	Spectrogram 1	1	34.592000000	34.752000000	2625.000	3351.562	3281.250	
59	Spectrogram 1	1	34.656000000	35.146666667	4265.625	6937.500	5625.000	
60	Spectrogram 1	1	34.869333333	35.221333333	2718.750	3445.312	3281.250	Crotophaga_ani
61	Spectrogram 1	1	35.626666667	35.808000000	4664.062	5460.938	5062.500	
62	Spectrogram 1	1	35.872000000	36.000000000	4781.250	5742.188	5250.000	
63	Spectrogram 1	1	36.490666667	36.853333333	4523.438	6726.562	6000.000	
64	Spectrogram 1	1	36.853333333	37.034666667	4148.438	4921.875	4312.500	
65	Spectrogram 1	1	37.514666667	37.930666667	5085.938	7007.812	6468.750	
66	Spectrogram 1	1	37.952000000	38.240000000	4148.438	4945.312	4312.500	
67	Spectrogram 1	1	38.421333333	39.498666667	4148.438	6375.000	5718.750	
68	Spectrogram 1	1	40.117333333	40.373333333	4593.750	5976.562	4781.250	
69	Spectrogram 1	1	41.120000000	41.365333333	2390.625	2976.562	2906.250	
70	Spectrogram 1	1	41.568000000	41.920000000	4500.000	6046.875	5062.500	
71	Spectrogram 1	1	41.962666667	42.240000000	4570.312	6164.062	5531.250	
72	Spectrogram 1	1	41.973333333	42.570666667	2437.500	3468.750	3281.250	Crotophaga_ani
73	Spectrogram 1	1	42.240000000	42.368000000	4125.000	4546.875	4312.500	
74	Spectrogram 1	1	45.024000000	45.258666667	2859.375	3515.625	3375.000	Crotophaga_ani
75	Spectrogram 1	1	45.397333333	45.536000000	4171.875	4570.312	4218.750	
76	Spectrogram 1	1	46.720000000	46.944000000	4148.438	4921.875	4312.500	
77	Spectrogram 1	1	47.882666667	48.106666667	4148.438	4945.312	4312.500	
78	Spectrogram 1	1	48.298666667	48.960000000	2554.688	3375.000	3093.750	Crotophaga_ani
79	Spectrogram 1	1	49.205333333	49.504000000	4171.875	4921.875	4312.500	
80	Spectrogram 1	1	51.562666667	55.104000000	3984.375	6796.875	6562.500	
81	Spectrogram 1	1	52.736000000	52.906666667	2507.812	3351.562	2625.000	
82	Spectrogram 1	1	53.002666667	53.504000000	2765.625	3375.000	3093.750	
83	Spectrogram 1	1	54.112000000	54.421333333	9398.438	10148.438	9843.750	
84	Spectrogram 1	1	55.114666667	55.317333333	4570.312	4992.188	4875.000	
85	Spectrogram 1	1	56.213333333	56.426666667	4664.062	4992.188	4781.250	
86	Spectrogram 1	1	58.666666667	58.890666667	4617.188	5015.625	4968.750	
