Selection	View	Channel	Begin Time (s)	End Time (s)	Low Freq (Hz)	High Freq (Hz)	Peak Freq (Hz)	Event
1	Spectrogram 1	1	0.010666667	0.149333333	1664.062	2414.062	2343.75	Leptodactylus_fuscus
2	Spectrogram 1	1	0.608	0.725333333	1875	2507.812	2437.5	Leptodactylus_fuscus
3	Spectrogram 1	1	0.992	2.112	22195.312	24000	22781.25	
4	Spectrogram 1	1	1.621333333	1.888	3492.188	4359.375	3843.75	
5	Spectrogram 1	1	1.653333333	1.781333333	1921.875	2484.375	2343.75	Leptodactylus_fuscus
6	Spectrogram 1	1	1.717333333	1.856	19031.25	20132.812	19406.25	
7	Spectrogram 1	1	2.272	2.421333333	1710.938	2484.375	2437.5	Leptodactylus_fuscus
8	Spectrogram 1	1	2.933333333	3.061333333	2132.812	2671.875	2531.25	Leptodactylus_fuscus
9	Spectrogram 1	1	3.904	4.202666667	9164.062	10687.5	9468.75	
10	Spectrogram 1	1	3.946666667	4.16	11437.5	12914.062	11718.75	
11	Spectrogram 1	1	3.968	4.138666667	3726.562	4640.625	3937.5	
12	Spectrogram 1	1	3.968	4.149333333	1265.625	1781.25	1500	
13	Spectrogram 1	1	4.032	4.138666667	18984.375	20156.25	19218.75	
14	Spectrogram 1	1	4.352	4.533333333	2039.062	2507.812	2343.75	Leptodactylus_fuscus
15	Spectrogram 1	1	4.885333333	5.941333333	22148.438	24000	22687.5	
16	Spectrogram 1	1	4.992	5.130666667	1757.812	2531.25	2437.5	Leptodactylus_fuscus
17	Spectrogram 1	1	5.002666667	5.472	8250	14296.875	9468.75	
18	Spectrogram 1	1	5.674666667	5.877333333	8250	11179.688	8250	
19	Spectrogram 1	1	5.984	6.506666667	9328.125	10921.875	9750	
20	Spectrogram 1	1	6.048	6.133333333	8976.562	9562.5	9000	
21	Spectrogram 1	1	6.24	6.453333333	11507.812	12890.625	11625	
22	Spectrogram 1	1	6.250666667	6.4	19125	20132.812	19593.75	
23	Spectrogram 1	1	6.250666667	6.389333333	3468.75	4523.438	3937.5	
24	Spectrogram 1	1	6.656	6.816	10195.312	10640.625	10312.5	
25	Spectrogram 1	1	7.093333333	7.189333333	10101.562	10781.25	10500	
26	Spectrogram 1	1	7.2	7.349333333	1851.562	2554.688	2437.5	Leptodactylus_fuscus
27	Spectrogram 1	1	8.330666667	8.490666667	2039.062	2578.125	2437.5	Leptodactylus_fuscus
28	Spectrogram 1	1	8.362666667	8.565333333	9046.875	11132.812	9656.25	
29	Spectrogram 1	1	8.384	8.565333333	11484.375	12890.625	11718.75	
30	Spectrogram 1	1	8.416	8.544	19078.125	20273.438	19406.25	
31	Spectrogram 1	1	8.96	9.077333333	1781.25	2484.375	2437.5	Leptodactylus_fuscus
32	Spectrogram 1	1	9.6	9.738666667	1804.688	2578.125	2437.5	Leptodactylus_fuscus
33	Spectrogram 1	1	10.048	10.19733333	12000	12632.812	12187.5	
34	Spectrogram 1	1	10.06933333	10.29333333	1804.688	2507.812	2343.75	Leptodactylus_fuscus
35	Spectrogram 1	1	10.16533333	10.432	6093.75	6421.875	6093.75	
36	Spectrogram 1	1	10.304	10.496	3750	4570.312	3937.5	
37	Spectrogram 1	1	10.31466667	10.50666667	11460.938	12679.688	11906.25	
38	Spectrogram 1	1	11.264	11.41333333	2179.688	2578.125	2437.5	Leptodactylus_fuscus
39	Spectrogram 1	1	11.63733333	12	8203.125	11320.312	8250	
40	Spectrogram 1	1	11.69066667	11.85066667	11601.562	12726.562	11718.75	
41	Spectrogram 1	1	11.72266667	11.89333333	4312.5	4617.188	4312.5	
42	Spectrogram 1	1	12.34133333	12.52266667	6070.312	6375	6093.75	
43	Spectrogram 1	1	12.53333333	12.77866667	1265.625	2578.125	1500	Leptodactylus_fuscus
44	Spectrogram 1	1	12.58666667	12.74666667	18937.5	20156.25	19218.75	
45	Spectrogram 1	1	12.58666667	12.75733333	10101.562	10687.5	10218.75	
46	Spectrogram 1	1	12.59733333	12.77866667	11460.938	12843.75	11718.75	
47	Spectrogram 1	1	12.59733333	12.74666667	3515.625	4054.688	3937.5	
48	Spectrogram 1	1	12.90666667	13.17333333	8226.562	13898.438	8906.25	
49	Spectrogram 1	1	13.024	13.19466667	1523.438	2554.688	2437.5	Leptodactylus_fuscus
50	Spectrogram 1	1	13.664	13.792	1828.125	2507.812	2437.5	Leptodactylus_fuscus
51	Spectrogram 1	1	14.42133333	14.74133333	11460.938	12960.938	11625	
52	Spectrogram 1	1	14.54933333	14.70933333	9984.375	10523.438	10312.5	
53	Spectrogram 1	1	14.57066667	14.72	18937.5	19804.688	19125	
54	Spectrogram 1	1	14.944	15.09333333	1828.125	2531.25	2343.75	Leptodactylus_fuscus
55	Spectrogram 1	1	16.33066667	16.832	8203.125	14203.125	10968.75	
56	Spectrogram 1	1	16.45866667	16.81066667	3375	4007.812	3937.5	
57	Spectrogram 1	1	16.608	16.78933333	1687.5	2625	2343.75	Leptodactylus_fuscus
58	Spectrogram 1	1	16.66133333	16.8	18984.375	19781.25	19500	
59	Spectrogram 1	1	17.568	17.792	11601.562	12351.562	11906.25	
60	Spectrogram 1	1	17.92	18.03733333	2039.062	2578.125	2437.5	Leptodactylus_fuscus
61	Spectrogram 1	1	18.592	18.688	1289.062	1875	1500	
62	Spectrogram 1	1	18.784	18.92266667	9000	10804.688	9750	
63	Spectrogram 1	1	18.79466667	19.008	3703.125	4640.625	3843.75	
64	Spectrogram 1	1	18.80533333	18.93333333	18890.625	19804.688	19406.25	
65	Spectrogram 1	1	18.80533333	18.95466667	11460.938	12937.5	11718.75	
66	Spectrogram 1	1	20.21333333	20.416	8250	13664.062	12562.5	
67	Spectrogram 1	1	20.30933333	20.77866667	3421.875	4429.688	4125	
68	Spectrogram 1	1	20.53333333	20.78933333	9023.438	11132.812	9562.5	
69	Spectrogram 1	1	20.59733333	20.77866667	18750	20414.062	19125	
70	Spectrogram 1	1	20.59733333	20.8	11414.062	12984.375	11625	
71	Spectrogram 1	1	20.62933333	20.71466667	22335.938	23179.688	22875	
72	Spectrogram 1	1	20.62933333	20.71466667	20625	21398.438	21093.75	
73	Spectrogram 1	1	21.20533333	21.344	1828.125	2625	2437.5	Leptodactylus_fuscus
74	Spectrogram 1	1	21.96266667	22.112	1875	2554.688	2343.75	Leptodactylus_fuscus
75	Spectrogram 1	1	22.496	23.09333333	8109.375	12960.938	8156.25	
76	Spectrogram 1	1	22.51733333	22.69866667	3703.125	4523.438	3843.75	
77	Spectrogram 1	1	22.528	22.70933333	18796.875	20203.125	19218.75	
78	Spectrogram 1	1	22.53866667	22.688	13265.625	13640.625	13312.5	
79	Spectrogram 1	1	22.54933333	22.69866667	20554.688	21375	20906.25	
80	Spectrogram 1	1	22.76266667	22.90133333	1828.125	2484.375	2343.75	Leptodactylus_fuscus
81	Spectrogram 1	1	24.14933333	24.256	1945.312	2484.375	2343.75	Leptodactylus_fuscus
82	Spectrogram 1	1	24.66133333	24.82133333	1593.75	2203.125	1687.5	
83	Spectrogram 1	1	24.704	25.03466667	9445.312	10710.938	10218.75	
84	Spectrogram 1	1	24.736	24.97066667	11437.5	12609.375	11531.25	
85	Spectrogram 1	1	24.74666667	24.896	18914.062	19710.938	19125	
86	Spectrogram 1	1	25.472	25.92	8296.875	11343.75	10218.75	
87	Spectrogram 1	1	25.504	25.89866667	11531.25	13125	11718.75	
88	Spectrogram 1	1	25.81333333	26.00533333	1359.375	2507.812	1500	Leptodactylus_fuscus
89	Spectrogram 1	1	26.08	26.24	1054.688	1500	1125	
90	Spectrogram 1	1	26.432	26.624	1734.375	2578.125	2437.5	Leptodactylus_fuscus
91	Spectrogram 1	1	26.45333333	26.63466667	3656.25	4007.812	3937.5	
92	Spectrogram 1	1	26.464	26.64533333	9257.812	10710.938	10218.75	
93	Spectrogram 1	1	26.47466667	26.66666667	11437.5	12867.188	11718.75	
94	Spectrogram 1	1	26.496	26.64533333	18890.625	19757.812	19125	
95	Spectrogram 1	1	27.70133333	27.97866667	9914.062	11179.688	10125	
96	Spectrogram 1	1	27.776	27.98933333	8625	9703.125	9093.75	
97	Spectrogram 1	1	28.36266667	28.49066667	1804.688	2578.125	2437.5	Leptodactylus_fuscus
98	Spectrogram 1	1	28.61866667	28.75733333	2226.562	2718.75	2343.75	Leptodactylus_fuscus
99	Spectrogram 1	1	28.704	29.00266667	3421.875	4593.75	3937.5	
100	Spectrogram 1	1	28.82133333	28.992	18890.625	19875	19125	
101	Spectrogram 1	1	28.93866667	29.12	1710.938	2554.688	2437.5	Leptodactylus_fuscus
102	Spectrogram 1	1	30.37866667	30.51733333	1875	2507.812	2437.5	Leptodactylus_fuscus
103	Spectrogram 1	1	31.24266667	31.49866667	1734.375	2718.75	2343.75	Leptodactylus_fuscus
104	Spectrogram 1	1	31.38133333	31.62666667	3468.75	4640.625	3843.75	
105	Spectrogram 1	1	31.47733333	31.63733333	18703.125	20437.5	19500	
106	Spectrogram 1	1	31.488	31.60533333	20695.312	21539.062	21000	
107	Spectrogram 1	1	31.91466667	32.032	1945.312	2437.5	2343.75	Leptodactylus_fuscus
108	Spectrogram 1	1	32.43733333	32.55466667	1851.562	2484.375	2437.5	Leptodactylus_fuscus
109	Spectrogram 1	1	32.77866667	32.94933333	16101.562	16429.688	16218.75	
110	Spectrogram 1	1	33.10933333	33.26933333	1734.375	2554.688	2343.75	Leptodactylus_fuscus
111	Spectrogram 1	1	33.248	33.55733333	7640.625	8039.062	7781.25	
112	Spectrogram 1	1	33.42933333	33.57866667	3679.688	4500	3843.75	
113	Spectrogram 1	1	33.44	33.58933333	18820.312	19898.438	19125	
114	Spectrogram 1	1	33.67466667	33.94133333	1171.875	2531.25	2343.75	Leptodactylus_fuscus
115	Spectrogram 1	1	35.36	35.52	3632.812	4523.438	3843.75	
116	Spectrogram 1	1	35.36	35.50933333	1781.25	2718.75	2343.75	Leptodactylus_fuscus
117	Spectrogram 1	1	35.37066667	35.50933333	18867.188	19687.5	19125	
118	Spectrogram 1	1	35.904	36.46933333	15257.812	15843.75	15656.25	
119	Spectrogram 1	1	35.95733333	36.13866667	1734.375	2695.312	2437.5	Leptodactylus_fuscus
120	Spectrogram 1	1	36.48	36.81066667	8132.812	9421.875	8156.25	
121	Spectrogram 1	1	36.69333333	36.90666667	1546.875	2343.75	2250	Leptodactylus_fuscus
122	Spectrogram 1	1	37.00266667	37.312	3421.875	4640.625	3843.75	
123	Spectrogram 1	1	37.056	37.17333333	18937.5	19734.375	19406.25	
124	Spectrogram 1	1	37.06666667	37.29066667	8250	8906.25	8343.75	
125	Spectrogram 1	1	38.63466667	38.82666667	1804.688	2671.875	2343.75	Leptodactylus_fuscus
126	Spectrogram 1	1	38.976	39.27466667	9070.312	9609.375	9281.25	
127	Spectrogram 1	1	38.99733333	39.38133333	9867.188	10781.25	9937.5	
128	Spectrogram 1	1	39.2	39.936	20695.312	24000	23906.25	
129	Spectrogram 1	1	39.31733333	39.936	11460.938	13382.812	11718.75	
130	Spectrogram 1	1	39.69066667	39.98933333	3445.312	4031.25	3843.75	
131	Spectrogram 1	1	39.73333333	39.904	18937.5	20367.188	19125	
132	Spectrogram 1	1	39.73333333	39.91466667	9890.625	10804.688	10218.75	
133	Spectrogram 1	1	39.73333333	39.92533333	8226.562	8531.25	8343.75	
134	Spectrogram 1	1	39.73333333	39.92533333	4218.75	4710.938	4312.5	
135	Spectrogram 1	1	39.76533333	39.904	9117.188	9679.688	9562.5	
136	Spectrogram 1	1	40.05333333	40.192	8789.062	9632.812	8906.25	
137	Spectrogram 1	1	40.064	40.18133333	9890.625	11156.25	10031.25	
138	Spectrogram 1	1	40.53333333	41.07733333	7851.562	8578.125	7875	
139	Spectrogram 1	1	41.39733333	41.984	8250	14671.875	9656.25	
140	Spectrogram 1	1	41.42933333	41.568	18960.938	19664.062	19406.25	
141	Spectrogram 1	1	41.472	41.77066667	1640.625	2437.5	2343.75	Leptodactylus_fuscus
142	Spectrogram 1	1	41.68533333	41.84533333	14882.812	15187.5	15000	
143	Spectrogram 1	1	42.112	42.976	7781.25	8578.125	7781.25	
144	Spectrogram 1	1	42.22933333	42.38933333	1664.062	2531.25	2343.75	Leptodactylus_fuscus
145	Spectrogram 1	1	42.89066667	43.01866667	1921.875	2507.812	2343.75	Leptodactylus_fuscus
146	Spectrogram 1	1	42.96533333	43.05066667	9960.938	10781.25	10781.25	
147	Spectrogram 1	1	43.54133333	43.78666667	8976.562	10781.25	9656.25	
148	Spectrogram 1	1	43.60533333	43.89333333	3585.938	4664.062	3843.75	
149	Spectrogram 1	1	43.616	43.75466667	18796.875	19757.812	19125	
150	Spectrogram 1	1	43.616	43.79733333	11437.5	12820.312	11625	
151	Spectrogram 1	1	43.62666667	44.40533333	7781.25	8789.062	7781.25	
152	Spectrogram 1	1	44.24533333	44.416	2156.25	2789.062	2437.5	Leptodactylus_fuscus
153	Spectrogram 1	1	44.448	44.61866667	1359.375	2484.375	1593.75	Leptodactylus_fuscus
154	Spectrogram 1	1	44.608	44.78933333	10101.562	10593.75	10218.75	
155	Spectrogram 1	1	44.672	44.81066667	11742.188	12281.25	11812.5	
156	Spectrogram 1	1	45.13066667	45.30133333	1804.688	2484.375	2343.75	Leptodactylus_fuscus
157	Spectrogram 1	1	45.48266667	45.568	10500	11132.812	11062.5	
158	Spectrogram 1	1	45.80266667	45.96266667	1781.25	2578.125	2437.5	Leptodactylus_fuscus
159	Spectrogram 1	1	45.92	46.13333333	3398.438	3984.375	3843.75	
160	Spectrogram 1	1	45.97333333	46.12266667	18867.188	19828.125	19125	
161	Spectrogram 1	1	45.984	46.304	4195.312	4617.188	4312.5	
162	Spectrogram 1	1	46.38933333	46.66666667	1804.688	2953.125	2906.25	Leptodactylus_fuscus
163	Spectrogram 1	1	46.95466667	47.584	8085.938	8601.562	8156.25	
164	Spectrogram 1	1	47.02933333	47.15733333	1851.562	2695.312	2531.25	Leptodactylus_fuscus
165	Spectrogram 1	1	47.616	47.81866667	1687.5	2695.312	2343.75	Leptodactylus_fuscus
166	Spectrogram 1	1	47.85066667	48.224	9281.25	11179.688	9750	
167	Spectrogram 1	1	47.936	48.192	11671.875	12773.438	11718.75	
168	Spectrogram 1	1	48.37333333	49.248	8062.5	12960.938	8156.25	
169	Spectrogram 1	1	48.672	48.87466667	3632.812	4054.688	3843.75	
170	Spectrogram 1	1	48.71466667	48.85333333	18890.625	19828.125	19125	
171	Spectrogram 1	1	48.736	49.00266667	4218.75	4640.625	4218.75	
172	Spectrogram 1	1	48.88533333	49.14133333	1195.312	2742.188	2343.75	Leptodactylus_fuscus
173	Spectrogram 1	1	49.10933333	49.28	9960.938	10781.25	10125	
174	Spectrogram 1	1	50.24	50.92266667	8085.938	8789.062	8156.25	
175	Spectrogram 1	1	50.34666667	50.47466667	1828.125	2460.938	2437.5	Leptodactylus_fuscus
176	Spectrogram 1	1	50.67733333	50.93333333	3679.688	4664.062	3843.75	
177	Spectrogram 1	1	50.73066667	50.90133333	9257.812	10617.188	9750	
178	Spectrogram 1	1	50.77333333	50.90133333	18914.062	19734.375	19031.25	
179	Spectrogram 1	1	50.77333333	50.95466667	11460.938	12914.062	11625	
180	Spectrogram 1	1	51.24266667	51.33866667	10007.812	11156.25	11062.5	
181	Spectrogram 1	1	51.27466667	51.552	1851.562	2765.625	2718.75	Leptodactylus_fuscus
182	Spectrogram 1	1	51.86133333	52.68266667	8062.5	8929.688	8156.25	
183	Spectrogram 1	1	51.89333333	52.064	1734.375	2601.562	2343.75	Leptodactylus_fuscus
184	Spectrogram 1	1	52.032	52.512	9703.125	10828.125	10593.75	
185	Spectrogram 1	1	52.32	52.55466667	11437.5	12257.812	12000	
186	Spectrogram 1	1	52.33066667	52.544	3468.75	4031.25	3843.75	
187	Spectrogram 1	1	52.34133333	52.50133333	18937.5	19640.625	19031.25	
188	Spectrogram 1	1	52.34133333	52.52266667	12421.875	12750	12468.75	
189	Spectrogram 1	1	52.46933333	52.608	1734.375	2460.938	2343.75	Leptodactylus_fuscus
190	Spectrogram 1	1	53.49333333	54.16533333	7851.562	8625	7875	
191	Spectrogram 1	1	53.728	53.81333333	9984.375	11132.812	10875	
192	Spectrogram 1	1	54.25066667	54.42133333	2039.062	2765.625	2718.75	Leptodactylus_fuscus
193	Spectrogram 1	1	54.90133333	55.05066667	1406.25	1828.125	1406.25	
194	Spectrogram 1	1	55.08266667	55.78666667	7757.812	16031.25	7781.25	
195	Spectrogram 1	1	55.21066667	55.60533333	3492.188	4617.188	3843.75	
196	Spectrogram 1	1	55.328	55.488	18421.875	21750	19125	
197	Spectrogram 1	1	55.34933333	55.46666667	22359.375	23179.688	22687.5	
198	Spectrogram 1	1	55.34933333	55.552	4992.188	5343.75	5062.5	
199	Spectrogram 1	1	56.34133333	56.62933333	8414.062	11953.125	10968.75	
200	Spectrogram 1	1	56.736	57.46133333	8085.938	8507.812	8156.25	
201	Spectrogram 1	1	57.58933333	57.856	3468.75	4500	3843.75	
202	Spectrogram 1	1	57.61066667	57.77066667	18867.188	19828.125	19500	
203	Spectrogram 1	1	58.336	59.04	8085.938	9046.875	8156.25	
204	Spectrogram 1	1	58.54933333	59.136	15070.312	15796.875	15187.5	
205	Spectrogram 1	1	58.54933333	58.64533333	8976.562	9492.188	9187.5	
206	Spectrogram 1	1	59.25333333	59.98933333	15140.625	15867.188	15375	
