Selection	View	Channel	Begin Time (s)	End Time (s)	Low Freq (Hz)	High Freq (Hz)	Peak Freq (Hz)	Event
1	Spectrogram 1	1	0.010666667	0.181333333	6421.875	6937.500	6843.750	
2	Spectrogram 1	1	0.277333333	0.437333333	6468.750	6960.938	6843.750	
3	Spectrogram 1	1	0.586666667	0.736000000	6445.312	6914.062	6843.750	
4	Spectrogram 1	1	0.885333333	1.056000000	6421.875	6937.500	6843.750	
5	Spectrogram 1	1	0.906666667	1.269333333	8859.375	9328.125	9093.750	
6	Spectrogram 1	1	1.184000000	1.344000000	6445.312	6914.062	6750.000	
7	Spectrogram 1	1	1.301333333	1.696000000	5742.188	6937.500	6843.750	
8	Spectrogram 1	1	1.834666667	1.973333333	6421.875	6937.500	6843.750	
9	Spectrogram 1	1	2.069333333	2.208000000	6445.312	6914.062	6843.750	
10	Spectrogram 1	1	2.389333333	2.517333333	6398.438	6937.500	6843.750	
11	Spectrogram 1	1	2.837333333	3.008000000	6421.875	6960.938	6843.750	
12	Spectrogram 1	1	3.136000000	3.285333333	6445.312	6937.500	6843.750	
13	Spectrogram 1	1	3.434666667	3.605333333	6421.875	6937.500	6843.750	
14	Spectrogram 1	1	3.488000000	3.786666667	703.125	1289.062	1125.000	
15	Spectrogram 1	1	3.765333333	3.936000000	6421.875	6914.062	6750.000	
16	Spectrogram 1	1	4.064000000	4.245333333	6375.000	6960.938	6750.000	
17	Spectrogram 1	1	4.373333333	4.565333333	6421.875	6937.500	6750.000	
18	Spectrogram 1	1	4.650666667	4.853333333	1007.812	2742.188	2343.750	
19	Spectrogram 1	1	4.704000000	4.853333333	6398.438	6960.938	6843.750	
20	Spectrogram 1	1	4.970666667	5.130666667	6445.312	6937.500	6843.750	
21	Spectrogram 1	1	5.173333333	5.685333333	1875.000	2835.938	2250.000	
22	Spectrogram 1	1	5.248000000	5.418666667	6445.312	6937.500	6750.000	
23	Spectrogram 1	1	5.482666667	5.653333333	16265.625	16687.500	16687.500	
24	Spectrogram 1	1	5.536000000	5.706666667	6445.312	6960.938	6843.750	
25	Spectrogram 1	1	5.930666667	6.293333333	1710.938	2765.625	2343.750	
26	Spectrogram 1	1	5.994666667	6.218666667	6070.312	6984.375	6843.750	
27	Spectrogram 1	1	6.368000000	7.904000000	750.000	2859.375	2156.250	
28	Spectrogram 1	1	6.474666667	6.677333333	6375.000	7171.875	6843.750	
29	Spectrogram 1	1	6.933333333	7.125333333	4101.562	4570.312	4125.000	
30	Spectrogram 1	1	6.944000000	7.370666667	5882.812	7078.125	6843.750	
31	Spectrogram 1	1	8.320000000	8.448000000	6750.000	7171.875	7031.250	
32	Spectrogram 1	1	8.682666667	8.832000000	4898.438	6210.938	5718.750	
33	Spectrogram 1	1	8.746666667	8.896000000	6773.438	7242.188	7218.750	
34	Spectrogram 1	1	9.525333333	9.941333333	9421.875	10148.438	9562.500	
35	Spectrogram 1	1	9.632000000	9.824000000	1171.875	2671.875	1406.250	
36	Spectrogram 1	1	9.642666667	9.749333333	4242.188	5812.500	4312.500	
37	Spectrogram 1	1	9.696000000	9.834666667	6679.688	7054.688	6937.500	
38	Spectrogram 1	1	10.026666667	10.336000000	1289.062	2671.875	1781.250	
39	Spectrogram 1	1	10.154666667	10.581333333	9773.438	10289.062	9937.500	
40	Spectrogram 1	1	10.410666667	10.592000000	6703.125	7218.750	7218.750	
41	Spectrogram 1	1	10.581333333	10.709333333	1406.250	2250.000	1687.500	
42	Spectrogram 1	1	10.848000000	11.082666667	1429.688	2320.312	2250.000	
43	Spectrogram 1	1	11.136000000	11.328000000	4101.562	4570.312	4125.000	
44	Spectrogram 1	1	11.477333333	11.648000000	1406.250	2320.312	1875.000	
45	Spectrogram 1	1	11.712000000	11.989333333	1335.938	2695.312	1687.500	
46	Spectrogram 1	1	14.090666667	14.208000000	4078.125	4593.750	4218.750	
47	Spectrogram 1	1	14.698666667	14.912000000	11554.688	12023.438	11812.500	
48	Spectrogram 1	1	15.189333333	15.349333333	11929.688	12632.812	12093.750	
49	Spectrogram 1	1	15.349333333	15.488000000	4101.562	4570.312	4125.000	
50	Spectrogram 1	1	15.498666667	15.808000000	12117.188	12609.375	12281.250	
51	Spectrogram 1	1	16.746666667	16.874666667	4101.562	4570.312	4218.750	
52	Spectrogram 1	1	17.056000000	17.184000000	4148.438	4570.312	4218.750	
53	Spectrogram 1	1	17.376000000	20.160000000	10546.875	13570.312	10781.250	
54	Spectrogram 1	1	18.357333333	18.474666667	4335.938	5601.562	4593.750	
55	Spectrogram 1	1	18.986666667	19.114666667	4101.562	4593.750	4218.750	
56	Spectrogram 1	1	19.392000000	19.562666667	4125.000	4593.750	4218.750	
57	Spectrogram 1	1	20.810666667	21.024000000	4078.125	4640.625	4218.750	
58	Spectrogram 1	1	22.698666667	22.837333333	4078.125	4617.188	4125.000	
59	Spectrogram 1	1	23.498666667	23.957333333	5671.875	6468.750	6187.500	
60	Spectrogram 1	1	24.181333333	24.266666667	1429.688	2062.500	1781.250	
61	Spectrogram 1	1	24.384000000	24.554666667	1453.125	2414.062	2343.750	
62	Spectrogram 1	1	24.405333333	24.608000000	4101.562	4710.938	4218.750	
63	Spectrogram 1	1	24.469333333	24.640000000	6750.000	7171.875	7125.000	
64	Spectrogram 1	1	25.077333333	25.269333333	6773.438	7171.875	7125.000	
65	Spectrogram 1	1	25.205333333	25.546666667	1312.500	2648.438	2343.750	
66	Spectrogram 1	1	25.589333333	26.645333333	5742.188	6539.062	6187.500	
67	Spectrogram 1	1	25.642666667	26.400000000	1429.688	2695.312	2343.750	
68	Spectrogram 1	1	25.813333333	26.058666667	6843.750	7218.750	7031.250	
69	Spectrogram 1	1	26.005333333	26.122666667	4664.062	5109.375	4781.250	
70	Spectrogram 1	1	26.176000000	26.368000000	4031.250	4617.188	4031.250	
71	Spectrogram 1	1	26.858666667	27.082666667	6750.000	7171.875	7125.000	
72	Spectrogram 1	1	28.522666667	28.661333333	4101.562	4757.812	4125.000	
73	Spectrogram 1	1	28.533333333	28.842666667	5906.250	6328.125	6187.500	
74	Spectrogram 1	1	30.058666667	30.218666667	4078.125	4687.500	4218.750	
75	Spectrogram 1	1	31.050666667	31.296000000	5695.312	6304.688	6281.250	
76	Spectrogram 1	1	31.754666667	31.936000000	3984.375	4757.812	4031.250	
77	Spectrogram 1	1	33.717333333	33.888000000	4078.125	4710.938	4125.000	
78	Spectrogram 1	1	34.154666667	34.496000000	9890.625	10195.312	10031.250	
79	Spectrogram 1	1	34.496000000	34.730666667	4054.688	4359.375	4125.000	
80	Spectrogram 1	1	35.296000000	35.445333333	4054.688	4640.625	4218.750	
81	Spectrogram 1	1	35.882666667	36.309333333	679.688	1570.312	937.500	
82	Spectrogram 1	1	35.925333333	36.128000000	4101.562	5132.812	4125.000	
83	Spectrogram 1	1	36.213333333	36.458666667	1875.000	2460.938	2343.750	
84	Spectrogram 1	1	36.693333333	36.864000000	4031.250	4757.812	4031.250	
85	Spectrogram 1	1	36.693333333	37.365333333	1359.375	2648.438	2343.750	
86	Spectrogram 1	1	37.514666667	38.304000000	960.938	2625.000	2343.750	
87	Spectrogram 1	1	37.589333333	37.866666667	5976.562	6398.438	6281.250	
88	Spectrogram 1	1	37.642666667	37.792000000	4125.000	4523.438	4125.000	
89	Spectrogram 1	1	38.645333333	38.858666667	3984.375	4640.625	4031.250	
90	Spectrogram 1	1	38.901333333	40.320000000	10382.812	15000.000	11718.750	
91	Spectrogram 1	1	38.986666667	39.925333333	820.312	2484.375	1218.750	
92	Spectrogram 1	1	39.210666667	39.648000000	5648.438	6539.062	6281.250	
93	Spectrogram 1	1	40.064000000	43.402666667	726.562	2835.938	2062.500	
94	Spectrogram 1	1	40.458666667	40.661333333	4007.812	4781.250	4031.250	
95	Spectrogram 1	1	41.632000000	42.037333333	23203.125	24000.000	23718.750	
96	Spectrogram 1	1	41.941333333	42.240000000	4101.562	4453.125	4125.000	
97	Spectrogram 1	1	42.400000000	42.858666667	4031.250	4875.000	4031.250	
98	Spectrogram 1	1	44.618666667	44.938666667	4031.250	4640.625	4031.250	
99	Spectrogram 1	1	45.450666667	45.610666667	5882.812	6398.438	6281.250	
100	Spectrogram 1	1	45.898666667	46.048000000	5835.938	6421.875	6187.500	
101	Spectrogram 1	1	46.005333333	46.208000000	4007.812	4617.188	4031.250	
102	Spectrogram 1	1	46.240000000	46.410666667	5906.250	6585.938	6187.500	
103	Spectrogram 1	1	46.624000000	46.805333333	5765.625	6539.062	6187.500	
104	Spectrogram 1	1	46.965333333	47.125333333	5789.062	6351.562	6187.500	
105	Spectrogram 1	1	47.392000000	47.573333333	5765.625	6421.875	6187.500	
106	Spectrogram 1	1	47.434666667	47.594666667	4078.125	4710.938	4218.750	
107	Spectrogram 1	1	47.840000000	48.021333333	5695.312	6468.750	6187.500	
108	Spectrogram 1	1	48.202666667	48.384000000	5554.688	6492.188	6187.500	
109	Spectrogram 1	1	48.501333333	48.672000000	5742.188	6539.062	6187.500	
110	Spectrogram 1	1	48.821333333	48.992000000	5718.750	6632.812	6187.500	
111	Spectrogram 1	1	48.928000000	49.322666667	8835.938	10054.688	9093.750	
112	Spectrogram 1	1	48.938666667	49.301333333	17062.500	18375.000	18093.750	
113	Spectrogram 1	1	48.970666667	49.290666667	20625.000	22054.688	20906.250	
114	Spectrogram 1	1	49.034666667	49.226666667	16195.312	16546.875	16500.000	
115	Spectrogram 1	1	49.194666667	49.344000000	5742.188	6375.000	6187.500	
116	Spectrogram 1	1	49.194666667	49.376000000	4054.688	4640.625	4125.000	
117	Spectrogram 1	1	49.557333333	49.760000000	5695.312	6562.500	6187.500	
118	Spectrogram 1	1	49.845333333	50.016000000	5742.188	6562.500	6187.500	
119	Spectrogram 1	1	50.197333333	50.336000000	5765.625	6351.562	6187.500	
120	Spectrogram 1	1	50.474666667	50.858666667	5789.062	6539.062	6187.500	
121	Spectrogram 1	1	50.848000000	51.029333333	3984.375	4710.938	4031.250	
122	Spectrogram 1	1	51.392000000	51.904000000	1171.875	2906.250	2625.000	Crotophaga_ani
123	Spectrogram 1	1	51.424000000	51.616000000	5789.062	6421.875	6187.500	
124	Spectrogram 1	1	52.149333333	52.640000000	5789.062	6539.062	6281.250	
125	Spectrogram 1	1	52.277333333	52.736000000	1195.312	2882.812	1968.750	Crotophaga_ani
126	Spectrogram 1	1	52.330666667	52.544000000	4078.125	4710.938	4218.750	
127	Spectrogram 1	1	53.024000000	53.408000000	1265.625	2882.812	2718.750	Crotophaga_ani
128	Spectrogram 1	1	53.728000000	54.208000000	1007.812	2812.500	2531.250	
129	Spectrogram 1	1	53.738666667	53.952000000	4054.688	4640.625	4125.000	
130	Spectrogram 1	1	54.581333333	54.965333333	22945.312	23484.375	22968.750	
131	Spectrogram 1	1	54.826666667	55.189333333	23648.438	24000.000	23718.750	
132	Spectrogram 1	1	55.210666667	55.413333333	6093.750	6468.750	6375.000	
133	Spectrogram 1	1	55.701333333	55.893333333	4078.125	4664.062	4218.750	
134	Spectrogram 1	1	56.917333333	57.077333333	1195.312	2179.688	1312.500	
135	Spectrogram 1	1	57.002666667	57.152000000	5859.375	6234.375	6187.500	
136	Spectrogram 1	1	57.973333333	58.634666667	726.562	1875.000	1312.500	
137	Spectrogram 1	1	58.794666667	58.933333333	1195.312	1851.562	1312.500	
138	Spectrogram 1	1	59.157333333	59.520000000	773.438	1945.312	1312.500	
139	Spectrogram 1	1	59.616000000	59.733333333	1054.688	1593.750	1125.000	
