Selection	View	Channel	Begin Time (s)	End Time (s)	Low Freq (Hz)	High Freq (Hz)	File	Specie ID	Original Index	offset	review	type	Reason
186	Spectrogram 1	1	184.121541950	185.166439909	6481.494	10637.402	JAGUAS253_20121114_083107.wav	Basileuterus sp	414	180	0		
190	Spectrogram 1	1	188.324353741	189.798820862	5835.498	10443.604	JAGUAS253_20121114_083107.wav	Basileuterus sp	425	180	0		
191	Spectrogram 1	1	192.979954649	194.106122449	6503.027	10615.869	JAGUAS253_20121114_083107.wav	Basileuterus sp	433	180	0		
194	Spectrogram 1	1	200.166530612	201.861587302	5770.898	10551.270	JAGUAS253_20121114_083107.wav	Basileuterus sp	452	180	0		
198	Spectrogram 1	1	204.868571429	206.517188209	6438.428	10529.736	JAGUAS253_20121114_083107.wav	Basileuterus sp	462	180	0		
200	Spectrogram 1	1	209.419682540	211.254058957	6481.494	10702.002	JAGUAS253_20121114_083107.wav	Basileuterus sp	468	180	0		
202	Spectrogram 1	1	213.738594104	215.619410431	6481.494	10680.469	JAGUAS253_20121114_083107.wav	Basileuterus sp	471	180	0		
204	Spectrogram 1	1	218.870204082	220.623310658	5749.365	10745.068	JAGUAS253_20121114_083107.wav	Basileuterus sp	477	180	0		
207	Spectrogram 1	1	224.501043084	225.093151927	6524.561	9991.406	JAGUAS253_20121114_083107.wav	Basileuterus sp	493	180	0		
208	Spectrogram 1	1	227.995646259	228.912834467	7041.357	10508.203	JAGUAS253_20121114_083107.wav	Basileuterus sp	500	180	0		
209	Spectrogram 1	1	228.982494331	230.108662132	6459.961	9883.740	JAGUAS253_20121114_083107.wav	Basileuterus sp	502	180	0		
255	Spectrogram 1	1	311.760907029	312.678095238	3100.781	6180.029	JAGUAS253_20121114_102107.wav	Call bird 1	644	300	0		
256	Spectrogram 1	1	314.048072562	314.605351474	2906.982	6459.961	JAGUAS253_20121114_102107.wav	Call bird 1	647	300	0		
258	Spectrogram 1	1	316.950566893	317.426575964	3165.381	6158.496	JAGUAS253_20121114_102107.wav	Call bird 1	651	300	0		
259	Spectrogram 1	1	320.677369615	321.141768707	3165.381	6266.162	JAGUAS253_20121114_102107.wav	Call bird 1	660	300	0		
260	Spectrogram 1	1	322.581405896	323.010975057	3143.848	6223.096	JAGUAS253_20121114_102107.wav	Call bird 1	661	300	0		
261	Spectrogram 1	1	324.462222222	324.880181406	3186.914	6093.896	JAGUAS253_20121114_102107.wav	Call bird 1	663	300	0		
262	Spectrogram 1	1	325.785759637	326.226938776	3100.781	6223.096	JAGUAS253_20121114_102107.wav	Call bird 1	664	300	0		
264	Spectrogram 1	1	329.559002268	330.302040816	3208.447	6223.096	JAGUAS253_20121114_102107.wav	Call bird 1	669	300	0		
265	Spectrogram 1	1	333.935963719	334.249433107	3229.980	6223.096	JAGUAS253_20121114_102107.wav	Call bird 1	678	300	0		
266	Spectrogram 1	1	336.048979592	336.559818594	3165.381	6136.963	JAGUAS253_20121114_102107.wav	Call bird 1	679	300	0		
267	Spectrogram 1	1	338.011065760	338.347755102	3229.980	6352.295	JAGUAS253_20121114_102107.wav	Call bird 1	681	300	0		
269	Spectrogram 1	1	339.531972789	339.868662132	3617.578	6524.561	JAGUAS253_20121114_102107.wav	Call bird 1	685	300	0		
271	Spectrogram 1	1	341.319909297	341.726258503	3316.113	6330.762	JAGUAS253_20121114_102107.wav	Call bird 1	690	300	0		
272	Spectrogram 1	1	342.643446712	343.049795918	3057.715	6266.162	JAGUAS253_20121114_102107.wav	Call bird 1	692	300	0		
273	Spectrogram 1	1	344.222403628	344.826122449	3014.648	6093.896	JAGUAS253_20121114_102107.wav	Call bird 1	694	300	0		
275	Spectrogram 1	1	347.496417234	348.076916100	3100.781	6352.295	JAGUAS253_20121114_102107.wav	Call bird 1	702	300	0		
276	Spectrogram 1	1	350.364081633	350.747210884	3273.047	6266.162	JAGUAS253_20121114_102107.wav	Call bird 1	704	300	0		
278	Spectrogram 1	1	352.511927438	353.243356009	3122.314	7773.486	JAGUAS253_20121114_102107.wav	Call bird 1	708	300	0		
280	Spectrogram 1	1	355.228662132	355.565351474	2906.982	6632.227	JAGUAS253_20121114_102107.wav	Call bird 1	711	300	0		
281	Spectrogram 1	1	356.563809524	356.970158730	3229.980	6330.762	JAGUAS253_20121114_102107.wav	Call bird 1	712	300	0		
283	Spectrogram 1	1	358.107936508	358.676825397	2971.582	6266.162	JAGUAS253_20121114_102107.wav	Call bird 1	714	300	0		
215	Spectrogram 1	1	240.534058957	240.893968254	3682.178	7170.557	JAGUAS253_20121114_084107.wav	Call bird 2	529	240	0		
224	Spectrogram 1	1	248.324353741	248.695873016	4285.107	7278.223	JAGUAS253_20121114_084107.wav	Call bird 2	546	240	0		
228	Spectrogram 1	1	251.900226757	252.236916100	4112.842	7041.357	JAGUAS253_20121114_084107.wav	Call bird 2	555	240	0		
231	Spectrogram 1	1	254.024852608	254.837551020	4177.441	6933.691	JAGUAS253_20121114_084107.wav	Call bird 2	559	240	0		
235	Spectrogram 1	1	260.003990930	260.282630385	6416.895	8505.615	JAGUAS253_20121114_084107.wav	Call bird 2	569	240	0		
239	Spectrogram 1	1	265.959909297	266.284988662	4220.508	6632.227	JAGUAS253_20121114_084107.wav	Call bird 2	587	240	0		
240	Spectrogram 1	1	267.411156463	267.713015873	2670.117	7493.555	JAGUAS253_20121114_084107.wav	Call bird 2	588	240	0		
241	Spectrogram 1	1	269.187482993	269.477732426	4220.508	7235.156	JAGUAS253_20121114_084107.wav	Call bird 2	596	240	0		
243	Spectrogram 1	1	272.148027211	272.415056689	4521.973	6029.297	JAGUAS253_20121114_084107.wav	Call bird 2	605	240	0		
244	Spectrogram 1	1	273.854693878	274.133333333	4651.172	6869.092	JAGUAS253_20121114_084107.wav	Call bird 2	608	240	0		
245	Spectrogram 1	1	276.501768707	276.850068027	4026.709	7127.490	JAGUAS253_20121114_084107.wav	Call bird 2	611	240	0		
246	Spectrogram 1	1	278.069115646	278.324535147	4263.574	6546.094	JAGUAS253_20121114_084107.wav	Call bird 2	612	240	0		
247	Spectrogram 1	1	279.671292517	279.961541950	4672.705	6890.625	JAGUAS253_20121114_084107.wav	Call bird 2	614	240	0		
248	Spectrogram 1	1	281.087709751	281.505668934	4263.574	7149.023	JAGUAS253_20121114_084107.wav	Call bird 2	616	240	0		
249	Spectrogram 1	1	283.688344671	284.013424036	4242.041	6998.291	JAGUAS253_20121114_084107.wav	Call bird 2	617	240	0		
250	Spectrogram 1	1	285.441451247	285.731700680	4177.441	6503.027	JAGUAS253_20121114_084107.wav	Call bird 2	619	240	0		
251	Spectrogram 1	1	287.717006803	288.007256236	4565.039	7170.557	JAGUAS253_20121114_084107.wav	Call bird 2	624	240	0		
252	Spectrogram 1	1	292.256507937	292.523537415	4543.506	5943.164	JAGUAS253_20121114_084107.wav	Call bird 2	629	240	0		
286	Spectrogram 1	1	370.495419501	370.762448980	5534.033	7385.889	JAGUAS253_20121114_113107.wav	Call bird 2	727	360	0		
290	Spectrogram 1	1	378.436643991	378.784943311	5943.164	8397.949	JAGUAS253_20121114_113107.wav	Call bird 2	747	360	0		
291	Spectrogram 1	1	380.665759637	381.014058957	4500.439	6869.092	JAGUAS253_20121114_113107.wav	Call bird 2	758	360	0		
294	Spectrogram 1	1	389.709931973	390.081451247	4048.242	6567.627	JAGUAS253_20121114_113107.wav	Call bird 2	771	360	0		
296	Spectrogram 1	1	392.496326531	392.809795918	4672.705	6782.959	JAGUAS253_20121114_113107.wav	Call bird 2	777	360	0		
1	Spectrogram 1	1	0.464399093	1.834376417	5835.498	10034.473	JAGUAS253_20121114_080107.wav	Coereba flaveola	3	0	0		
284	Spectrogram 1	1	360.011609977	361.822766440	4629.639	9840.674	JAGUAS253_20121114_113107.wav	Coereba flaveola	719	360	0		
285	Spectrogram 1	1	367.871564626	369.125442177	5490.967	10120.605	JAGUAS253_20121114_113107.wav	Coereba flaveola	723	360	0		
287	Spectrogram 1	1	371.888616780	373.432743764	5426.367	10163.672	JAGUAS253_20121114_113107.wav	Coereba flaveola	731	360	0		
293	Spectrogram 1	1	387.202176871	388.247074830	4392.773	9926.807	JAGUAS253_20121114_113107.wav	Coereba flaveola	766	360	0		
297	Spectrogram 1	1	392.902675737	394.365532880	4220.508	10012.939	JAGUAS253_20121114_113107.wav	Coereba flaveola	779	360	0		
300	Spectrogram 1	1	420.092879819	420.487619048	2756.250	3337.646	JAGUAS253_20121114_230107.wav	Diasporus gularis	795	420	0		
301	Spectrogram 1	1	422.948934240	423.320453515	2842.383	3316.113	JAGUAS253_20121114_230107.wav	Diasporus gularis	806	420	0		
303	Spectrogram 1	1	426.385487528	426.745396825	2799.316	3337.646	JAGUAS253_20121114_230107.wav	Diasporus gularis	812	420	0		
304	Spectrogram 1	1	429.404081633	429.810430839	2713.184	3402.246	JAGUAS253_20121114_230107.wav	Diasporus gularis	815	420	0		
305	Spectrogram 1	1	432.155646259	432.515555556	2799.316	3273.047	JAGUAS253_20121114_230107.wav	Diasporus gularis	819	420	0		
306	Spectrogram 1	1	435.661859410	435.986938776	2820.850	3294.580	JAGUAS253_20121114_230107.wav	Diasporus gularis	826	420	0		
307	Spectrogram 1	1	438.901043084	439.214512472	2756.250	3273.047	JAGUAS253_20121114_230107.wav	Diasporus gularis	828	420	0		
308	Spectrogram 1	1	442.616235828	442.987755102	2734.717	3316.113	JAGUAS253_20121114_230107.wav	Diasporus gularis	836	420	0		
309	Spectrogram 1	1	445.518730159	445.843809524	2842.383	3316.113	JAGUAS253_20121114_230107.wav	Diasporus gularis	845	420	0		
310	Spectrogram 1	1	450.278820862	450.627120181	2820.850	3316.113	JAGUAS253_20121114_230107.wav	Diasporus gularis	853	420	0		
311	Spectrogram 1	1	481.439637188	481.880816327	2799.316	3316.113	JAGUAS253_20121114_234107.wav	Diasporus gularis	920	480	0		
312	Spectrogram 1	1	484.330521542	484.667210884	2820.850	3359.180	JAGUAS253_20121114_234107.wav	Diasporus gularis	926	480	0		
313	Spectrogram 1	1	486.942766440	487.360725624	2756.250	3316.113	JAGUAS253_20121114_234107.wav	Diasporus gularis	932	480	0		
315	Spectrogram 1	1	493.537233560	493.990022676	2756.250	3337.646	JAGUAS253_20121114_234107.wav	Diasporus gularis	956	480	0		
316	Spectrogram 1	1	496.312018141	496.706757370	2734.717	3316.113	JAGUAS253_20121114_234107.wav	Diasporus gularis	968	480	0		
317	Spectrogram 1	1	499.237732426	499.609251701	2820.850	3316.113	JAGUAS253_20121114_234107.wav	Diasporus gularis	979	480	0		
318	Spectrogram 1	1	502.418866213	502.825215420	2777.783	3316.113	JAGUAS253_20121114_234107.wav	Diasporus gularis	995	480	0		
319	Spectrogram 1	1	505.959909297	506.319818594	2820.850	3337.646	JAGUAS253_20121114_234107.wav	Diasporus gularis	998	480	0		
320	Spectrogram 1	1	508.572154195	508.897233560	2842.383	3337.646	JAGUAS253_20121114_234107.wav	Diasporus gularis	1001	480	0		
321	Spectrogram 1	1	512.031927438	512.345396825	2820.850	3359.180	JAGUAS253_20121114_234107.wav	Diasporus gularis	1004	480	0		
322	Spectrogram 1	1	514.144943311	514.330702948	2906.982	3186.914	JAGUAS253_20121114_234107.wav	Diasporus gularis	1008	480	0		
323	Spectrogram 1	1	515.398820862	515.781950113	2734.717	3294.580	JAGUAS253_20121114_234107.wav	Diasporus gularis	1011	480	0		
324	Spectrogram 1	1	518.045895692	518.405804989	2820.850	3316.113	JAGUAS253_20121114_234107.wav	Diasporus gularis	1017	480	0		
325	Spectrogram 1	1	521.877188209	522.213877551	2863.916	3316.113	JAGUAS253_20121114_234107.wav	Diasporus gularis	1024	480	0		
326	Spectrogram 1	1	524.593922902	524.919002268	2842.383	3316.113	JAGUAS253_20121114_234107.wav	Diasporus gularis	1037	480	0		
327	Spectrogram 1	1	526.788208617	526.962358277	2906.982	3208.447	JAGUAS253_20121114_234107.wav	Diasporus gularis	1043	480	0		
329	Spectrogram 1	1	532.035918367	532.384217687	2820.850	3337.646	JAGUAS253_20121114_234107.wav	Diasporus gularis	1053	480	0		
253	Spectrogram 1	1	305.479909297	306.048798186	1787.256	3402.246	JAGUAS253_20121114_102107.wav	Henicorhina leucosticta	639	300	0		
254	Spectrogram 1	1	309.125442177	309.531791383	1873.389	3359.180	JAGUAS253_20121114_102107.wav	Henicorhina leucosticta	642	300	0		
257	Spectrogram 1	1	314.535691610	315.011700680	1830.322	3940.576	JAGUAS253_20121114_102107.wav	Henicorhina leucosticta	649	300	0		
270	Spectrogram 1	1	339.543582766	339.938321995	1442.725	3531.445	JAGUAS253_20121114_102107.wav	Henicorhina leucosticta	686	300	0		
274	Spectrogram 1	1	345.615600907	345.987120181	1464.258	3337.646	JAGUAS253_20121114_102107.wav	Henicorhina leucosticta	698	300	0		
279	Spectrogram 1	1	354.114104308	354.508843537	1442.725	3940.576	JAGUAS253_20121114_102107.wav	Henicorhina leucosticta	710	300	0		
3	Spectrogram 1	1	3.842902494	4.028662132	4155.908	4435.840	JAGUAS253_20121114_080107.wav	Hyloxalus	11	0	0		
5	Spectrogram 1	1	7.372335601	7.697414966	4091.309	4457.373	JAGUAS253_20121114_080107.wav	Hyloxalus	19	0	0		
6	Spectrogram 1	1	8.126984127	8.370793651	4155.908	4586.572	JAGUAS253_20121114_080107.wav	Hyloxalus	20	0	0		
7	Spectrogram 1	1	8.568163265	8.962902494	4134.375	4629.639	JAGUAS253_20121114_080107.wav	Hyloxalus	22	0	0		
8	Spectrogram 1	1	9.287981859	9.543401361	4112.842	4672.705	JAGUAS253_20121114_080107.wav	Hyloxalus	23	0	0		
9	Spectrogram 1	1	10.437369615	10.681179138	4112.842	4715.771	JAGUAS253_20121114_080107.wav	Hyloxalus	24	0	0		
10	Spectrogram 1	1	10.959818594	11.215238095	4134.375	4715.771	JAGUAS253_20121114_080107.wav	Hyloxalus	25	0	0		
11	Spectrogram 1	1	11.459047619	11.749297052	4155.908	4715.771	JAGUAS253_20121114_080107.wav	Hyloxalus	26	0	0		
12	Spectrogram 1	1	11.969886621	12.213696145	4242.041	4758.838	JAGUAS253_20121114_080107.wav	Hyloxalus	28	0	0		
13	Spectrogram 1	1	12.445895692	12.712925170	4112.842	4737.305	JAGUAS253_20121114_080107.wav	Hyloxalus	30	0	0		
14	Spectrogram 1	1	12.921904762	13.223764172	4134.375	4758.838	JAGUAS253_20121114_080107.wav	Hyloxalus	31	0	0		
16	Spectrogram 1	1	14.431201814	14.686621315	4263.574	4801.904	JAGUAS253_20121114_080107.wav	Hyloxalus	33	0	0		
17	Spectrogram 1	1	14.814331066	15.174240363	4112.842	4823.438	JAGUAS253_20121114_080107.wav	Hyloxalus	34	0	0		
18	Spectrogram 1	1	15.418049887	15.673469388	4112.842	4823.438	JAGUAS253_20121114_080107.wav	Hyloxalus	35	0	0		
19	Spectrogram 1	1	15.882448980	16.149478458	4263.574	4909.570	JAGUAS253_20121114_080107.wav	Hyloxalus	36	0	0		
20	Spectrogram 1	1	16.346848073	16.625487528	4198.975	4844.971	JAGUAS253_20121114_080107.wav	Hyloxalus	37	0	0		
22	Spectrogram 1	1	16.764807256	17.101496599	4134.375	4823.438	JAGUAS253_20121114_080107.wav	Hyloxalus	40	0	0		
23	Spectrogram 1	1	17.798095238	18.053514739	4134.375	4844.971	JAGUAS253_20121114_080107.wav	Hyloxalus	44	0	0		
24	Spectrogram 1	1	18.274104308	18.552743764	4112.842	4823.438	JAGUAS253_20121114_080107.wav	Hyloxalus	45	0	0		
25	Spectrogram 1	1	18.761723356	19.028752834	4155.908	4780.371	JAGUAS253_20121114_080107.wav	Hyloxalus	46	0	0		
26	Spectrogram 1	1	19.260952381	19.620861678	4069.775	4823.438	JAGUAS253_20121114_080107.wav	Hyloxalus	47	0	0		
27	Spectrogram 1	1	19.748571429	20.003990930	4242.041	4801.904	JAGUAS253_20121114_080107.wav	Hyloxalus	49	0	0		
28	Spectrogram 1	1	20.143310658	20.514829932	4134.375	4866.504	JAGUAS253_20121114_080107.wav	Hyloxalus	50	0	0		
29	Spectrogram 1	1	20.712199546	20.990839002	4112.842	4823.438	JAGUAS253_20121114_080107.wav	Hyloxalus	52	0	0		
30	Spectrogram 1	1	21.234648526	21.559727891	4134.375	4844.971	JAGUAS253_20121114_080107.wav	Hyloxalus	53	0	0		
31	Spectrogram 1	1	21.733877551	22.000907029	4177.441	4758.838	JAGUAS253_20121114_080107.wav	Hyloxalus	56	0	0		
33	Spectrogram 1	1	22.883265306	23.138684807	4112.842	4995.703	JAGUAS253_20121114_080107.wav	Hyloxalus	58	0	0		
34	Spectrogram 1	1	23.881723356	24.137142857	4220.508	4758.838	JAGUAS253_20121114_080107.wav	Hyloxalus	62	0	0		
35	Spectrogram 1	1	24.404172336	24.682811791	3962.109	4780.371	JAGUAS253_20121114_080107.wav	Hyloxalus	64	0	0		
36	Spectrogram 1	1	24.845351474	25.205260771	3983.643	4801.904	JAGUAS253_20121114_080107.wav	Hyloxalus	65	0	0		
37	Spectrogram 1	1	25.437460317	25.692879819	4242.041	4888.037	JAGUAS253_20121114_080107.wav	Hyloxalus	66	0	0		
38	Spectrogram 1	1	27.109297052	27.353106576	4242.041	4758.838	JAGUAS253_20121114_080107.wav	Hyloxalus	69	0	0		
39	Spectrogram 1	1	27.666575964	27.921995465	4112.842	4780.371	JAGUAS253_20121114_080107.wav	Hyloxalus	70	0	0		
40	Spectrogram 1	1	28.223854875	28.467664399	4220.508	4737.305	JAGUAS253_20121114_080107.wav	Hyloxalus	71	0	0		
41	Spectrogram 1	1	28.757913832	29.013333333	4220.508	4758.838	JAGUAS253_20121114_080107.wav	Hyloxalus	72	0	0		
42	Spectrogram 1	1	29.767981859	30.011791383	4155.908	4737.305	JAGUAS253_20121114_080107.wav	Hyloxalus	76	0	0		
43	Spectrogram 1	1	30.313650794	30.615510204	4091.309	4737.305	JAGUAS253_20121114_080107.wav	Hyloxalus	77	0	0		
44	Spectrogram 1	1	30.859319728	31.172789116	4069.775	4844.971	JAGUAS253_20121114_080107.wav	Hyloxalus	78	0	0		
45	Spectrogram 1	1	31.404988662	31.753287982	4048.242	4801.904	JAGUAS253_20121114_080107.wav	Hyloxalus	79	0	0		
46	Spectrogram 1	1	31.904217687	32.368616780	4112.842	4866.504	JAGUAS253_20121114_080107.wav	Hyloxalus	81	0	0		
47	Spectrogram 1	1	32.519546485	32.949115646	4134.375	4844.971	JAGUAS253_20121114_080107.wav	Hyloxalus	82	0	0		
48	Spectrogram 1	1	34.423582766	34.748662132	4134.375	4866.504	JAGUAS253_20121114_080107.wav	Hyloxalus	87	0	0		
49	Spectrogram 1	1	34.922811791	35.282721088	4048.242	4888.037	JAGUAS253_20121114_080107.wav	Hyloxalus	88	0	0		
50	Spectrogram 1	1	35.700680272	35.979319728	4112.842	4823.438	JAGUAS253_20121114_080107.wav	Hyloxalus	89	0	0		
51	Spectrogram 1	1	36.257959184	36.571428571	4112.842	4866.504	JAGUAS253_20121114_080107.wav	Hyloxalus	90	0	0		
52	Spectrogram 1	1	36.780408163	37.105487528	4134.375	4866.504	JAGUAS253_20121114_080107.wav	Hyloxalus	92	0	0		
53	Spectrogram 1	1	37.651156463	37.976235828	4069.775	4844.971	JAGUAS253_20121114_080107.wav	Hyloxalus	93	0	0		
55	Spectrogram 1	1	38.568344671	38.905034014	4069.775	4888.037	JAGUAS253_20121114_080107.wav	Hyloxalus	96	0	0		
56	Spectrogram 1	1	39.044353741	39.346213152	4134.375	4888.037	JAGUAS253_20121114_080107.wav	Hyloxalus	97	0	0		
57	Spectrogram 1	1	39.508752834	39.822222222	4112.842	4909.570	JAGUAS253_20121114_080107.wav	Hyloxalus	98	0	0		
58	Spectrogram 1	1	40.031201814	40.344671202	4091.309	4909.570	JAGUAS253_20121114_080107.wav	Hyloxalus	100	0	0		
59	Spectrogram 1	1	40.472380952	40.785850340	4048.242	4909.570	JAGUAS253_20121114_080107.wav	Hyloxalus	102	0	0		
60	Spectrogram 1	1	40.936780045	41.250249433	4134.375	4931.104	JAGUAS253_20121114_080107.wav	Hyloxalus	103	0	0		
61	Spectrogram 1	1	41.494058957	41.795918367	4091.309	4888.037	JAGUAS253_20121114_080107.wav	Hyloxalus	106	0	0		
62	Spectrogram 1	1	42.376417234	42.678276644	4134.375	4866.504	JAGUAS253_20121114_080107.wav	Hyloxalus	107	0	0		
63	Spectrogram 1	1	42.829206349	43.131065760	4091.309	4909.570	JAGUAS253_20121114_080107.wav	Hyloxalus	108	0	0		
64	Spectrogram 1	1	43.293605442	43.607074830	4112.842	4909.570	JAGUAS253_20121114_080107.wav	Hyloxalus	109	0	0		
65	Spectrogram 1	1	43.816054422	44.117913832	4134.375	4931.104	JAGUAS253_20121114_080107.wav	Hyloxalus	111	0	0		
66	Spectrogram 1	1	44.315283447	44.628752834	4134.375	4931.104	JAGUAS253_20121114_080107.wav	Hyloxalus	112	0	0		
69	Spectrogram 1	1	46.277369615	46.579229025	4091.309	4931.104	JAGUAS253_20121114_080107.wav	Hyloxalus	115	0	0		
70	Spectrogram 1	1	46.706938776	47.008798186	4134.375	4931.104	JAGUAS253_20121114_080107.wav	Hyloxalus	116	0	0		
73	Spectrogram 1	1	49.040544218	49.365623583	4134.375	4888.037	JAGUAS253_20121114_080107.wav	Hyloxalus	122	0	0		
74	Spectrogram 1	1	49.504943311	49.806802721	4155.908	4931.104	JAGUAS253_20121114_080107.wav	Hyloxalus	123	0	0		
75	Spectrogram 1	1	49.957732426	50.259591837	4177.441	4931.104	JAGUAS253_20121114_080107.wav	Hyloxalus	125	0	0		
76	Spectrogram 1	1	50.456961451	50.747210884	4155.908	4909.570	JAGUAS253_20121114_080107.wav	Hyloxalus	126	0	0		
77	Spectrogram 1	1	50.898140590	51.211609977	4091.309	4909.570	JAGUAS253_20121114_080107.wav	Hyloxalus	127	0	0		
79	Spectrogram 1	1	53.115646259	53.440725624	4155.908	4952.637	JAGUAS253_20121114_080107.wav	Hyloxalus	132	0	0		
80	Spectrogram 1	1	53.556825397	53.881904762	4134.375	4931.104	JAGUAS253_20121114_080107.wav	Hyloxalus	134	0	0		
81	Spectrogram 1	1	55.832380952	56.145850340	4155.908	4909.570	JAGUAS253_20121114_080107.wav	Hyloxalus	138	0	0		
82	Spectrogram 1	1	56.285170068	56.621859410	4112.842	4866.504	JAGUAS253_20121114_080107.wav	Hyloxalus	140	0	0		
84	Spectrogram 1	1	57.631927438	57.922176871	4069.775	4844.971	JAGUAS253_20121114_080107.wav	Hyloxalus	144	0	0		
85	Spectrogram 1	1	58.525895692	58.827755102	4134.375	4844.971	JAGUAS253_20121114_080107.wav	Hyloxalus	147	0	0		
86	Spectrogram 1	1	58.978684807	59.292154195	3380.713	4823.438	JAGUAS253_20121114_080107.wav	Hyloxalus	148	0	0		
87	Spectrogram 1	1	59.489523810	59.779773243	3897.510	4866.504	JAGUAS253_20121114_080107.wav	Hyloxalus	150	0	0		
88	Spectrogram 1	1	61.160997732	61.288707483	4328.174	4758.838	JAGUAS253_20121114_081107.wav	Hyloxalus	155	60	0		
89	Spectrogram 1	1	61.637006803	61.764716553	4306.641	4715.771	JAGUAS253_20121114_081107.wav	Hyloxalus	158	60	0		
90	Spectrogram 1	1	64.446621315	64.574331066	4349.707	4737.305	JAGUAS253_20121114_081107.wav	Hyloxalus	171	60	0		
92	Spectrogram 1	1	73.676553288	73.850702948	4242.041	4758.838	JAGUAS253_20121114_081107.wav	Hyloxalus	188	60	0		
93	Spectrogram 1	1	76.706757370	76.927346939	4134.375	4758.838	JAGUAS253_20121114_081107.wav	Hyloxalus	192	60	0		
96	Spectrogram 1	1	86.865487528	87.190566893	3832.910	4392.773	JAGUAS253_20121114_081107.wav	Hyloxalus	209	60	0		
98	Spectrogram 1	1	88.595374150	88.850793651	4048.242	4651.172	JAGUAS253_20121114_081107.wav	Hyloxalus	219	60	0		
99	Spectrogram 1	1	90.499410431	90.720000000	4155.908	4844.971	JAGUAS253_20121114_081107.wav	Hyloxalus	224	60	0		
101	Spectrogram 1	1	92.670476190	92.879455782	4005.176	4844.971	JAGUAS253_20121114_081107.wav	Hyloxalus	231	60	0		
102	Spectrogram 1	1	93.761814059	93.970793651	4069.775	4866.504	JAGUAS253_20121114_081107.wav	Hyloxalus	233	60	0		
103	Spectrogram 1	1	94.307482993	94.551292517	4091.309	4888.037	JAGUAS253_20121114_081107.wav	Hyloxalus	234	60	0		
105	Spectrogram 1	1	95.770340136	96.014149660	4069.775	4909.570	JAGUAS253_20121114_081107.wav	Hyloxalus	237	60	0		
106	Spectrogram 1	1	96.223129252	96.524988662	3380.713	5017.236	JAGUAS253_20121114_081107.wav	Hyloxalus	239	60	0		
107	Spectrogram 1	1	97.314467120	97.546666667	4048.242	4909.570	JAGUAS253_20121114_081107.wav	Hyloxalus	243	60	0		
108	Spectrogram 1	1	97.744036281	97.964625850	4069.775	4931.104	JAGUAS253_20121114_081107.wav	Hyloxalus	244	60	0		
110	Spectrogram 1	1	98.800544218	99.032743764	4091.309	4866.504	JAGUAS253_20121114_081107.wav	Hyloxalus	247	60	0		
112	Spectrogram 1	1	99.822222222	100.066031746	4048.242	4888.037	JAGUAS253_20121114_081107.wav	Hyloxalus	252	60	0		
113	Spectrogram 1	1	100.739410431	100.983219955	3962.109	4844.971	JAGUAS253_20121114_081107.wav	Hyloxalus	254	60	0		
114	Spectrogram 1	1	101.180589569	101.424399093	3897.510	5060.303	JAGUAS253_20121114_081107.wav	Hyloxalus	255	60	0		
116	Spectrogram 1	1	102.550566893	102.771156463	4112.842	4866.504	JAGUAS253_20121114_081107.wav	Hyloxalus	258	60	0		
117	Spectrogram 1	1	103.467755102	103.723174603	4069.775	4888.037	JAGUAS253_20121114_081107.wav	Hyloxalus	260	60	0		
118	Spectrogram 1	1	104.094693878	104.350113379	4048.242	4780.371	JAGUAS253_20121114_081107.wav	Hyloxalus	261	60	0		
120	Spectrogram 1	1	105.476281179	105.720090703	4069.775	4844.971	JAGUAS253_20121114_081107.wav	Hyloxalus	264	60	0		
121	Spectrogram 1	1	105.929070295	106.172879819	4026.709	4866.504	JAGUAS253_20121114_081107.wav	Hyloxalus	265	60	0		
122	Spectrogram 1	1	106.381859410	106.637278912	4005.176	4909.570	JAGUAS253_20121114_081107.wav	Hyloxalus	266	60	0		
124	Spectrogram 1	1	108.738684807	109.017324263	3983.643	4909.570	JAGUAS253_20121114_081107.wav	Hyloxalus	271	60	0		
126	Spectrogram 1	1	111.327709751	111.606349206	4026.709	4931.104	JAGUAS253_20121114_081107.wav	Hyloxalus	277	60	0		
128	Spectrogram 1	1	113.521995465	113.696145125	4285.107	4801.904	JAGUAS253_20121114_081107.wav	Hyloxalus	283	60	0		
129	Spectrogram 1	1	113.974784580	114.218594104	4285.107	4801.904	JAGUAS253_20121114_081107.wav	Hyloxalus	286	60	0		
130	Spectrogram 1	1	114.543673469	114.729433107	4328.174	4801.904	JAGUAS253_20121114_081107.wav	Hyloxalus	287	60	0		
131	Spectrogram 1	1	115.588571429	115.751111111	4263.574	4844.971	JAGUAS253_20121114_081107.wav	Hyloxalus	290	60	0		
133	Spectrogram 1	1	116.633469388	116.865668934	4328.174	4866.504	JAGUAS253_20121114_081107.wav	Hyloxalus	293	60	0		
134	Spectrogram 1	1	117.155918367	117.376507937	4328.174	4823.438	JAGUAS253_20121114_081107.wav	Hyloxalus	294	60	0		
135	Spectrogram 1	1	117.631927438	117.898956916	4263.574	4844.971	JAGUAS253_20121114_081107.wav	Hyloxalus	295	60	0		
136	Spectrogram 1	1	118.107936508	118.386575964	4285.107	4844.971	JAGUAS253_20121114_081107.wav	Hyloxalus	296	60	0		
137	Spectrogram 1	1	118.630385488	118.897414966	4349.707	4909.570	JAGUAS253_20121114_081107.wav	Hyloxalus	297	60	0		
138	Spectrogram 1	1	119.582403628	119.744943311	4263.574	4844.971	JAGUAS253_20121114_081107.wav	Hyloxalus	299	60	0		
140	Spectrogram 1	1	123.773242630	124.051882086	4026.709	4457.373	JAGUAS253_20121114_082107.wav	Hyloxalus	311	120	0		
141	Spectrogram 1	1	124.400181406	124.702040816	4112.842	4608.105	JAGUAS253_20121114_082107.wav	Hyloxalus	313	120	0		
143	Spectrogram 1	1	125.712108844	125.886258503	4112.842	4414.307	JAGUAS253_20121114_082107.wav	Hyloxalus	316	120	0		
144	Spectrogram 1	1	126.443537415	126.652517007	4112.842	4435.840	JAGUAS253_20121114_082107.wav	Hyloxalus	317	120	0		
146	Spectrogram 1	1	128.916462585	129.102222222	4112.842	4392.773	JAGUAS253_20121114_082107.wav	Hyloxalus	321	120	0		
150	Spectrogram 1	1	132.805804989	132.968344671	4112.842	4414.307	JAGUAS253_20121114_082107.wav	Hyloxalus	326	120	0		
151	Spectrogram 1	1	133.479183673	133.699773243	4134.375	4478.906	JAGUAS253_20121114_082107.wav	Hyloxalus	327	120	0		
153	Spectrogram 1	1	136.021768707	136.184308390	4112.842	4414.307	JAGUAS253_20121114_082107.wav	Hyloxalus	331	120	0		
154	Spectrogram 1	1	136.683537415	136.927346939	4048.242	4435.840	JAGUAS253_20121114_082107.wav	Hyloxalus	333	120	0		
158	Spectrogram 1	1	140.027210884	140.224580499	4134.375	4435.840	JAGUAS253_20121114_082107.wav	Hyloxalus	340	120	0		
159	Spectrogram 1	1	140.561269841	140.747029478	4112.842	4392.773	JAGUAS253_20121114_082107.wav	Hyloxalus	341	120	0		
172	Spectrogram 1	1	172.511927438	172.720907029	4349.707	4801.904	JAGUAS253_20121114_082107.wav	Hyloxalus	384	120	0		
174	Spectrogram 1	1	173.672925170	173.974784580	4414.307	4801.904	JAGUAS253_20121114_082107.wav	Hyloxalus	386	120	0		
176	Spectrogram 1	1	175.785941043	176.052970522	4371.240	4823.438	JAGUAS253_20121114_082107.wav	Hyloxalus	392	120	0		
177	Spectrogram 1	1	176.261950113	176.575419501	4328.174	4844.971	JAGUAS253_20121114_082107.wav	Hyloxalus	394	120	0		
178	Spectrogram 1	1	176.621859410	177.016598639	4371.240	4866.504	JAGUAS253_20121114_082107.wav	Hyloxalus	395	120	0		
180	Spectrogram 1	1	177.655147392	177.933786848	4306.641	4888.037	JAGUAS253_20121114_082107.wav	Hyloxalus	398	120	0		
181	Spectrogram 1	1	178.096326531	178.374965986	4134.375	4888.037	JAGUAS253_20121114_082107.wav	Hyloxalus	399	120	0		
182	Spectrogram 1	1	178.537505669	178.827755102	4371.240	4888.037	JAGUAS253_20121114_082107.wav	Hyloxalus	400	120	0		
183	Spectrogram 1	1	178.967074830	179.280544218	4392.773	4909.570	JAGUAS253_20121114_082107.wav	Hyloxalus	401	120	0		
184	Spectrogram 1	1	179.686893424	179.988752834	4112.842	4844.971	JAGUAS253_20121114_082107.wav	Hyloxalus	403	120	0		
185	Spectrogram 1	1	181.555736961	182.089795918	4198.975	5038.770	JAGUAS253_20121114_083107.wav	Hyloxalus	406	180	0		
187	Spectrogram 1	1	186.965986395	187.383945578	4220.508	4952.637	JAGUAS253_20121114_083107.wav	Hyloxalus	418	180	0		
188	Spectrogram 1	1	187.430385488	187.883174603	4198.975	4974.170	JAGUAS253_20121114_083107.wav	Hyloxalus	421	180	0		
189	Spectrogram 1	1	187.976054422	188.394013605	4263.574	4974.170	JAGUAS253_20121114_083107.wav	Hyloxalus	423	180	0		
193	Spectrogram 1	1	199.736961451	200.120090703	4177.441	4974.170	JAGUAS253_20121114_083107.wav	Hyloxalus	450	180	0		
195	Spectrogram 1	1	202.836825397	203.208344671	4112.842	4952.637	JAGUAS253_20121114_083107.wav	Hyloxalus	456	180	0		
196	Spectrogram 1	1	203.289614512	203.672743764	4048.242	5469.434	JAGUAS253_20121114_083107.wav	Hyloxalus	457	180	0		
214	Spectrogram 1	1	240.081269841	240.325079365	4457.373	4823.438	JAGUAS253_20121114_084107.wav	Hyloxalus	528	240	0		
216	Spectrogram 1	1	241.126167800	241.428027211	4306.641	4888.037	JAGUAS253_20121114_084107.wav	Hyloxalus	530	240	0		
217	Spectrogram 1	1	242.832834467	243.111473923	4392.773	4888.037	JAGUAS253_20121114_084107.wav	Hyloxalus	534	240	0		
218	Spectrogram 1	1	243.297233560	243.633922902	4306.641	4952.637	JAGUAS253_20121114_084107.wav	Hyloxalus	536	240	0		
219	Spectrogram 1	1	244.818140590	245.154829932	4414.307	4909.570	JAGUAS253_20121114_084107.wav	Hyloxalus	538	240	0		
220	Spectrogram 1	1	245.270929705	245.549569161	4328.174	5081.836	JAGUAS253_20121114_084107.wav	Hyloxalus	539	240	0		
221	Spectrogram 1	1	245.758548753	246.048798186	4392.773	4888.037	JAGUAS253_20121114_084107.wav	Hyloxalus	541	240	0		
222	Spectrogram 1	1	247.267845805	247.639365079	4285.107	4909.570	JAGUAS253_20121114_084107.wav	Hyloxalus	544	240	0		
223	Spectrogram 1	1	247.767074830	248.092154195	4371.240	4866.504	JAGUAS253_20121114_084107.wav	Hyloxalus	545	240	0		
225	Spectrogram 1	1	249.833650794	250.123900227	4414.307	4888.037	JAGUAS253_20121114_084107.wav	Hyloxalus	549	240	0		
227	Spectrogram 1	1	251.366167800	251.633197279	4457.373	4866.504	JAGUAS253_20121114_084107.wav	Hyloxalus	554	240	0		
229	Spectrogram 1	1	252.457505669	252.759365079	4349.707	4888.037	JAGUAS253_20121114_084107.wav	Hyloxalus	556	240	0		
234	Spectrogram 1	1	259.876281179	260.259410431	4371.240	4866.504	JAGUAS253_20121114_084107.wav	Hyloxalus	568	240	0		
237	Spectrogram 1	1	261.931247166	262.140226757	4414.307	4801.904	JAGUAS253_20121114_084107.wav	Hyloxalus	573	240	0		
4	Spectrogram 1	1	6.838276644	7.349115646	2945.702	5378.954	JAGUAS253_20121114_080107.wav	Leptopogon superciliaris	18	0	0		
15	Spectrogram 1	1	13.444353741	13.931972789	2993.115	5232.568	JAGUAS253_20121114_080107.wav	Leptopogon superciliaris	32	0	0		
54	Spectrogram 1	1	38.127165533	38.568344671	3143.848	5641.699	JAGUAS253_20121114_080107.wav	Leptopogon superciliaris	95	0	0		
72	Spectrogram 1	1	48.552925170	49.063764172	2971.582	5340.234	JAGUAS253_20121114_080107.wav	Leptopogon superciliaris	121	0	0		
95	Spectrogram 1	1	85.658049887	86.505578231	1528.857	5598.633	JAGUAS253_20121114_081107.wav	Ramphocelus dimidiatus	206	60	0		
97	Spectrogram 1	1	87.445986395	88.270294785	1528.857	5749.365	JAGUAS253_20121114_081107.wav	Ramphocelus dimidiatus	211	60	0		
100	Spectrogram 1	1	92.078367347	92.496326531	1507.324	8397.949	JAGUAS253_20121114_081107.wav	Ramphocelus dimidiatus	229	60	0		
104	Spectrogram 1	1	94.760272109	95.236281179	1528.857	5727.832	JAGUAS253_20121114_081107.wav	Ramphocelus dimidiatus	235	60	0		
111	Spectrogram 1	1	99.230113379	99.671292517	1593.457	5706.299	JAGUAS253_20121114_081107.wav	Ramphocelus dimidiatus	248	60	0		
115	Spectrogram 1	1	101.633378685	102.341587302	1571.924	7773.486	JAGUAS253_20121114_081107.wav	Ramphocelus dimidiatus	256	60	0		
119	Spectrogram 1	1	104.547482993	105.302131519	1507.324	5684.766	JAGUAS253_20121114_081107.wav	Ramphocelus dimidiatus	262	60	0		
123	Spectrogram 1	1	106.857868481	107.624126984	1507.324	5598.633	JAGUAS253_20121114_081107.wav	Ramphocelus dimidiatus	267	60	0		
125	Spectrogram 1	1	109.667482993	110.364081633	1614.990	6029.297	JAGUAS253_20121114_081107.wav	Ramphocelus dimidiatus	273	60	0		
127	Spectrogram 1	1	111.664399093	112.639637188	1442.725	5857.031	JAGUAS253_20121114_081107.wav	Ramphocelus dimidiatus	278	60	0		
132	Spectrogram 1	1	115.913650794	116.436099773	1528.857	5749.365	JAGUAS253_20121114_081107.wav	Ramphocelus dimidiatus	291	60	0		
139	Spectrogram 1	1	123.134693878	123.552653061	1722.656	5469.434	JAGUAS253_20121114_082107.wav	Ramphocelus dimidiatus	308	120	0		
142	Spectrogram 1	1	125.061950113	125.572789116	2670.117	4952.637	JAGUAS253_20121114_082107.wav	Ramphocelus dimidiatus	314	120	0		
147	Spectrogram 1	1	129.287981859	129.740770975	2153.320	5124.902	JAGUAS253_20121114_082107.wav	Ramphocelus dimidiatus	322	120	0		
148	Spectrogram 1	1	130.274829932	131.052698413	1744.189	5189.502	JAGUAS253_20121114_082107.wav	Ramphocelus dimidiatus	324	120	0		
149	Spectrogram 1	1	131.981496599	132.515555556	1744.189	5211.035	JAGUAS253_20121114_082107.wav	Ramphocelus dimidiatus	325	120	0		
152	Spectrogram 1	1	134.071292517	134.872380952	1701.123	5383.301	JAGUAS253_20121114_082107.wav	Ramphocelus dimidiatus	328	120	0		
155	Spectrogram 1	1	137.101496599	137.600725624	1701.123	5103.369	JAGUAS253_20121114_082107.wav	Ramphocelus dimidiatus	334	120	0		
156	Spectrogram 1	1	137.960634921	138.343764172	1701.123	5081.836	JAGUAS253_20121114_082107.wav	Ramphocelus dimidiatus	335	120	0		
157	Spectrogram 1	1	139.411882086	139.760181406	2691.650	5211.035	JAGUAS253_20121114_082107.wav	Ramphocelus dimidiatus	338	120	0		
160	Spectrogram 1	1	142.860045351	143.219954649	1701.123	5038.770	JAGUAS253_20121114_082107.wav	Ramphocelus dimidiatus	345	120	0		
161	Spectrogram 1	1	145.402630385	145.739319728	1701.123	4888.037	JAGUAS253_20121114_082107.wav	Ramphocelus dimidiatus	348	120	0		
162	Spectrogram 1	1	148.096145125	148.386394558	2777.783	5017.236	JAGUAS253_20121114_082107.wav	Ramphocelus dimidiatus	349	120	0		
163	Spectrogram 1	1	149.837641723	150.185941043	1679.590	5254.102	JAGUAS253_20121114_082107.wav	Ramphocelus dimidiatus	351	120	0		
164	Spectrogram 1	1	152.345396825	152.658866213	1722.656	5383.301	JAGUAS253_20121114_082107.wav	Ramphocelus dimidiatus	354	120	0		
166	Spectrogram 1	1	157.581496599	157.918185941	2756.250	5211.035	JAGUAS253_20121114_082107.wav	Ramphocelus dimidiatus	362	120	0		
167	Spectrogram 1	1	162.295147392	162.666666667	1701.123	5038.770	JAGUAS253_20121114_082107.wav	Ramphocelus dimidiatus	369	120	0		
168	Spectrogram 1	1	165.395011338	165.778140590	1744.189	5211.035	JAGUAS253_20121114_082107.wav	Ramphocelus dimidiatus	373	120	0		
169	Spectrogram 1	1	167.032018141	167.368707483	2799.316	5060.303	JAGUAS253_20121114_082107.wav	Ramphocelus dimidiatus	374	120	0		
170	Spectrogram 1	1	168.564535147	168.901224490	1658.057	5081.836	JAGUAS253_20121114_082107.wav	Ramphocelus dimidiatus	378	120	0		
179	Spectrogram 1	1	177.202358277	177.678367347	2734.717	5017.236	JAGUAS253_20121114_082107.wav	Ramphocelus dimidiatus	396	120	0		
263	Spectrogram 1	1	326.284988662	326.760997732	6072.363	6976.758	JAGUAS253_20121114_102107.wav	Saltator maximus	665	300	0		
268	Spectrogram 1	1	338.951473923	339.450702948	6093.896	7536.621	JAGUAS253_20121114_102107.wav	Saltator maximus	682	300	0		
277	Spectrogram 1	1	351.571519274	352.035918367	6201.562	7213.623	JAGUAS253_20121114_102107.wav	Saltator maximus	707	300	0		
282	Spectrogram 1	1	358.107936508	358.525895692	6309.229	7105.957	JAGUAS253_20121114_102107.wav	Saltator maximus	713	300	0		
295	Spectrogram 1	1	390.394920635	390.917369615	6244.629	7084.424	JAGUAS253_20121114_113107.wav	Saltator maximus	772	360	0		
205	Spectrogram 1	1	219.473922902	220.240181406	2347.119	5340.234	JAGUAS253_20121114_083107.wav	Sing bird 1	480	180	0		
206	Spectrogram 1	1	222.724716553	223.328435374	2196.387	5297.168	JAGUAS253_20121114_083107.wav	Sing bird 1	490	180	0		
210	Spectrogram 1	1	229.899682540	230.515011338	2325.586	5254.102	JAGUAS253_20121114_083107.wav	Sing bird 1	504	180	0		
211	Spectrogram 1	1	232.419047619	233.916734694	1528.857	10809.668	JAGUAS253_20121114_083107.wav	Basileuterus sp	513	180	1	TP	Segment
226	Spectrogram 1	1	250.321269841	250.646349206	4306.641	5749.365	JAGUAS253_20121114_084107.wav	Call bird 2	552	240	1	TP	Segment
232	Spectrogram 1	1	255.719909297	256.010158730	4134.375	6955.225	JAGUAS253_20121114_084107.wav	Call bird 2	562	240	1	FP	
233	Spectrogram 1	1	258.854603175	259.168072562	4306.641	6007.764	JAGUAS253_20121114_084107.wav	Call bird 2	566	240	1	TP	Segment
238	Spectrogram 1	1	262.593015873	263.022585034	3940.576	7278.223	JAGUAS253_20121114_084107.wav	Call bird 2	574	240	1	TP	Overlapping
242	Spectrogram 1	1	270.534240363	271.137959184	3789.844	6739.893	JAGUAS253_20121114_084107.wav	Call bird 2	601	240	1	TP	Segment
289	Spectrogram 1	1	374.570521542	374.721451247	14276.514	16408.301	JAGUAS253_20121114_113107.wav	Coereba flaveola	738	360	1	TP	Wrong
292	Spectrogram 1	1	381.397188209	383.010975057	5921.631	10379.004	JAGUAS253_20121114_113107.wav	Coereba flaveola	761	360	1	FP	
298	Spectrogram 1	1	398.661224490	400.135691610	5857.031	9948.340	JAGUAS253_20121114_113107.wav	Coereba flaveola	786	360	1	FP	
302	Spectrogram 1	1	423.262403628	423.587482993	3811.377	4349.707	JAGUAS253_20121114_230107.wav	Diasporus gularis	807	420	1	TP	Wrong
314	Spectrogram 1	1	489.914920635	490.251609977	2842.383	3337.646	JAGUAS253_20121114_234107.wav	Diasporus gularis	941	480	1	FP	
328	Spectrogram 1	1	529.017324263	529.377233560	2799.316	3316.113	JAGUAS253_20121114_234107.wav	Diasporus gularis	1049	480	1	FP	
21	Spectrogram 1	1	16.579047619	16.695147392	9926.807	10486.670	JAGUAS253_20121114_080107.wav	Hyloxalus	39	0	1	TP	Wrong
173	Spectrogram 1	1	172.999546485	173.313015873	4371.240	4780.371	JAGUAS253_20121114_082107.wav	Hyloxalus	385	120	1	FP	
230	Spectrogram 1	1	253.467573696	253.722993197	4414.307	4844.971	JAGUAS253_20121114_084107.wav	Hyloxalus	558	240	1	FP	
236	Spectrogram 1	1	261.432018141	261.722267574	4392.773	4823.438	JAGUAS253_20121114_084107.wav	Hyloxalus	572	240	1	FP	
2	Spectrogram 1	1	2.159455782	2.519365079	2950.049	5297.168	JAGUAS253_20121114_080107.wav	Leptopogon superciliaris	8	0	1	FP	
32	Spectrogram 1	1	22.198276644	22.639455782	2885.449	6438.428	JAGUAS253_20121114_080107.wav	Leptopogon superciliaris	57	0	1	TP	Overlapping
67	Spectrogram 1	1	44.442993197	45.139591837	3057.715	5534.033	JAGUAS253_20121114_080107.wav	Leptopogon superciliaris	113	0	1	TP	Segment
68	Spectrogram 1	1	45.290521542	46.045170068	2950.049	5426.367	JAGUAS253_20121114_080107.wav	Leptopogon superciliaris	114	0	1	TP	Segment
71	Spectrogram 1	1	47.426757370	48.367165533	3079.248	5577.100	JAGUAS253_20121114_080107.wav	Leptopogon superciliaris	119	0	1	TP	Segment
78	Spectrogram 1	1	52.198458050	52.976326531	2950.049	5167.969	JAGUAS253_20121114_080107.wav	Leptopogon superciliaris	129	0	1	TP	Segment
83	Spectrogram 1	1	56.737959184	57.504217687	2928.516	5189.502	JAGUAS253_20121114_080107.wav	Leptopogon superciliaris	142	0	1	TP	Segment
91	Spectrogram 1	1	72.260136054	72.654875283	3380.713	5383.301	JAGUAS253_20121114_081107.wav	Ramphocelus dimidiatus	185	60	1	TP	Overlapping
94	Spectrogram 1	1	77.055056689	77.507845805	3531.445	5620.166	JAGUAS253_20121114_081107.wav	Ramphocelus dimidiatus	193	60	1	TP	Overlapping
109	Spectrogram 1	1	98.220045351	98.696054422	4026.709	12252.393	JAGUAS253_20121114_081107.wav	Ramphocelus dimidiatus	245	60	1	TP	Wrong
145	Spectrogram 1	1	126.989206349	127.546485261	1701.123	5254.102	JAGUAS253_20121114_082107.wav	Ramphocelus dimidiatus	318	120	1	TP	Segment
165	Spectrogram 1	1	155.491700680	156.014149660	2842.383	5124.902	JAGUAS253_20121114_082107.wav	Ramphocelus dimidiatus	358	120	1	TP	Segment
171	Spectrogram 1	1	171.838548753	172.210068027	2670.117	5189.502	JAGUAS253_20121114_082107.wav	Ramphocelus dimidiatus	381	120	1	FP	
175	Spectrogram 1	1	174.775873016	175.576961451	2691.650	4952.637	JAGUAS253_20121114_082107.wav	Ramphocelus dimidiatus	389	120	1	TP	Segment
288	Spectrogram 1	1	374.558911565	374.779501134	9431.543	9905.273	JAGUAS253_20121114_113107.wav	Saltator maximus	737	360	1	TP	Wrong
299	Spectrogram 1	1	416.215510204	416.668299320	6503.027	7299.756	JAGUAS253_20121114_113107.wav	Saltator maximus	792	360	1	FP	
192	Spectrogram 1	1	195.568979592	196.997006803	2260.986	5447.900	JAGUAS253_20121114_083107.wav	Sing bird 1	437	180	1	TP	Segment
197	Spectrogram 1	1	204.264852608	204.949841270	2282.520	5447.900	JAGUAS253_20121114_083107.wav	Sing bird 1	459	180	1	TP	Overlapping
199	Spectrogram 1	1	207.898775510	208.548934240	1098.193	5534.033	JAGUAS253_20121114_083107.wav	Sing bird 1	464	180	1	TP	Overlapping
201	Spectrogram 1	1	212.333786848	213.065215420	1550.391	4801.904	JAGUAS253_20121114_083107.wav	Sing bird 1	469	180	1	FP	
203	Spectrogram 1	1	215.642630385	216.327619048	2131.787	5146.436	JAGUAS253_20121114_083107.wav	Sing bird 1	473	180	1	FP	
212	Spectrogram 1	1	235.855600907	236.796009070	2304.053	5146.436	JAGUAS253_20121114_083107.wav	Sing bird 1	518	180	1	TP	Overlapping
213	Spectrogram 1	1	239.443083900	239.988752834	1141.260	5017.236	JAGUAS253_20121114_083107.wav	Sing bird 1	526	180	1	TP	Segment
