File	Selection	View	Channel	Specie ID	Begin Time (s)	End Time (s)	Low Freq (Hz)	High Freq (Hz)	Original Index	review	type	Reason	offset
JAGUAS253_20121114_080107.wav	1	Spectrogram 1	1	Coereba flaveola	0.46439909297052157	1.8343764172335602	5835.498046875	10034.47265625	3	0			0
JAGUAS253_20121114_080107.wav	2	Spectrogram 1	1	Leptopogon superciliaris	2.159455782312925	2.5193650793650795	2950.048828125	5297.16796875	8	1			0
JAGUAS253_20121114_080107.wav	3	Spectrogram 1	1	Hyloxalus	3.842902494331066	4.028662131519274	4155.908203125	4435.83984375	11	0			0
JAGUAS253_20121114_080107.wav	4	Spectrogram 1	1	Leptopogon superciliaris	6.8382766439909295	7.349115646258503	2971.58203125	5404.833984375	18	0			0
JAGUAS253_20121114_080107.wav	5	Spectrogram 1	1	Hyloxalus	7.3723356009070296	7.697414965986394	4091.30859375	4457.373046875	19	0			0
JAGUAS253_20121114_080107.wav	6	Spectrogram 1	1	Hyloxalus	8.126984126984127	8.370793650793651	4155.908203125	4586.572265625	20	0			0
JAGUAS253_20121114_080107.wav	7	Spectrogram 1	1	Hyloxalus	8.568163265306122	8.962902494331066	4134.375	4629.638671875	22	0			0
JAGUAS253_20121114_080107.wav	8	Spectrogram 1	1	Hyloxalus	9.287981859410431	9.543401360544218	4112.841796875	4672.705078125	23	0			0
JAGUAS253_20121114_080107.wav	9	Spectrogram 1	1	Hyloxalus	10.437369614512471	10.681179138321996	4112.841796875	4715.771484375	24	0			0
JAGUAS253_20121114_080107.wav	10	Spectrogram 1	1	Hyloxalus	10.95981859410431	11.215238095238096	4134.375	4715.771484375	25	0			0
JAGUAS253_20121114_080107.wav	11	Spectrogram 1	1	Hyloxalus	11.459047619047618	11.749297052154194	4155.908203125	4715.771484375	26	0			0
JAGUAS253_20121114_080107.wav	12	Spectrogram 1	1	Hyloxalus	11.969886621315192	12.213696145124716	4242.041015625	4758.837890625	28	0			0
JAGUAS253_20121114_080107.wav	13	Spectrogram 1	1	Hyloxalus	12.445895691609977	12.712925170068027	4112.841796875	4737.3046875	30	0			0
JAGUAS253_20121114_080107.wav	14	Spectrogram 1	1	Hyloxalus	12.921904761904761	13.223764172335601	4134.375	4758.837890625	31	0			0
JAGUAS253_20121114_080107.wav	15	Spectrogram 1	1	Leptopogon superciliaris	13.444353741496599	13.931972789115646	2993.115234375	5232.568359375	32	0			0
JAGUAS253_20121114_080107.wav	16	Spectrogram 1	1	Hyloxalus	14.431201814058957	14.686621315192744	4263.57421875	4801.904296875	33	0			0
JAGUAS253_20121114_080107.wav	17	Spectrogram 1	1	Hyloxalus	14.814331065759637	15.17424036281179	4112.841796875	4823.4375	34	0			0
JAGUAS253_20121114_080107.wav	18	Spectrogram 1	1	Hyloxalus	15.418049886621315	15.673469387755102	4112.841796875	4823.4375	35	0			0
JAGUAS253_20121114_080107.wav	19	Spectrogram 1	1	Hyloxalus	15.882448979591837	16.149478458049888	4263.57421875	4909.5703125	36	0			0
JAGUAS253_20121114_080107.wav	20	Spectrogram 1	1	Hyloxalus	16.34684807256236	16.62548752834467	4198.974609375	4844.970703125	37	0			0
JAGUAS253_20121114_080107.wav	21	Spectrogram 1	1	Hyloxalus	16.579047619047618	16.69514739229025	9926.806640625	10486.669921875	39	1			0
JAGUAS253_20121114_080107.wav	22	Spectrogram 1	1	Hyloxalus	16.764807256235827	17.101496598639457	4134.375	4823.4375	40	0			0
JAGUAS253_20121114_080107.wav	23	Spectrogram 1	1	Hyloxalus	17.79809523809524	18.053514739229026	4134.375	4844.970703125	44	0			0
JAGUAS253_20121114_080107.wav	24	Spectrogram 1	1	Hyloxalus	18.274104308390022	18.552743764172334	4112.841796875	4823.4375	45	0			0
JAGUAS253_20121114_080107.wav	25	Spectrogram 1	1	Hyloxalus	18.76172335600907	19.02875283446712	4155.908203125	4780.37109375	46	0			0
JAGUAS253_20121114_080107.wav	26	Spectrogram 1	1	Hyloxalus	19.260952380952382	19.620861678004534	4069.775390625	4823.4375	47	0			0
JAGUAS253_20121114_080107.wav	27	Spectrogram 1	1	Hyloxalus	19.748571428571427	20.003990929705214	4242.041015625	4801.904296875	49	0			0
JAGUAS253_20121114_080107.wav	28	Spectrogram 1	1	Hyloxalus	20.143310657596373	20.514829931972788	4134.375	4866.50390625	50	0			0
JAGUAS253_20121114_080107.wav	29	Spectrogram 1	1	Hyloxalus	20.712199546485262	20.990839002267574	4112.841796875	4823.4375	52	0			0
JAGUAS253_20121114_080107.wav	30	Spectrogram 1	1	Hyloxalus	21.2346485260771	21.559727891156463	4134.375	4844.970703125	53	0			0
JAGUAS253_20121114_080107.wav	31	Spectrogram 1	1	Hyloxalus	21.73387755102041	22.00090702947846	4177.44140625	4758.837890625	56	0			0
JAGUAS253_20121114_080107.wav	32	Spectrogram 1	1	Leptopogon superciliaris	22.19827664399093	22.639455782312925	2885.44921875	6438.427734375	57	1			0
JAGUAS253_20121114_080107.wav	33	Spectrogram 1	1	Hyloxalus	22.88326530612245	23.138684807256237	4112.841796875	4995.703125	58	0			0
JAGUAS253_20121114_080107.wav	34	Spectrogram 1	1	Hyloxalus	23.881723356009072	24.13714285714286	4220.5078125	4758.837890625	62	0			0
JAGUAS253_20121114_080107.wav	35	Spectrogram 1	1	Hyloxalus	24.404172335600908	24.68281179138322	3962.109375	4780.37109375	64	0			0
JAGUAS253_20121114_080107.wav	36	Spectrogram 1	1	Hyloxalus	24.845351473922904	25.205260770975055	3983.642578125	4801.904296875	65	0			0
JAGUAS253_20121114_080107.wav	37	Spectrogram 1	1	Hyloxalus	25.437460317460317	25.692879818594104	4242.041015625	4888.037109375	66	0			0
JAGUAS253_20121114_080107.wav	38	Spectrogram 1	1	Hyloxalus	27.109297052154194	27.353106575963718	4242.041015625	4758.837890625	69	0			0
JAGUAS253_20121114_080107.wav	39	Spectrogram 1	1	Hyloxalus	27.66657596371882	27.921995464852607	4112.841796875	4780.37109375	70	0			0
JAGUAS253_20121114_080107.wav	40	Spectrogram 1	1	Hyloxalus	28.223854875283447	28.46766439909297	4220.5078125	4737.3046875	71	0			0
JAGUAS253_20121114_080107.wav	41	Spectrogram 1	1	Hyloxalus	28.757913832199545	29.013333333333332	4220.5078125	4758.837890625	72	0			0
JAGUAS253_20121114_080107.wav	42	Spectrogram 1	1	Hyloxalus	29.76798185941043	30.011791383219954	4155.908203125	4737.3046875	76	0			0
JAGUAS253_20121114_080107.wav	43	Spectrogram 1	1	Hyloxalus	30.313650793650794	30.615510204081634	4091.30859375	4737.3046875	77	0			0
JAGUAS253_20121114_080107.wav	44	Spectrogram 1	1	Hyloxalus	30.859319727891158	31.172789115646257	4069.775390625	4844.970703125	78	0			0
JAGUAS253_20121114_080107.wav	45	Spectrogram 1	1	Hyloxalus	31.40498866213152	31.753287981859412	4048.2421875	4801.904296875	79	0			0
JAGUAS253_20121114_080107.wav	46	Spectrogram 1	1	Hyloxalus	31.90421768707483	32.36861678004535	4112.841796875	4866.50390625	81	0			0
JAGUAS253_20121114_080107.wav	47	Spectrogram 1	1	Hyloxalus	32.51954648526077	32.949115646258505	4134.375	4844.970703125	82	0			0
JAGUAS253_20121114_080107.wav	48	Spectrogram 1	1	Hyloxalus	34.42358276643991	34.748662131519275	4134.375	4866.50390625	87	0			0
JAGUAS253_20121114_080107.wav	49	Spectrogram 1	1	Hyloxalus	34.92281179138322	35.28272108843537	4048.2421875	4888.037109375	88	0			0
JAGUAS253_20121114_080107.wav	50	Spectrogram 1	1	Hyloxalus	35.70068027210884	35.97931972789116	4112.841796875	4823.4375	89	0			0
JAGUAS253_20121114_080107.wav	51	Spectrogram 1	1	Hyloxalus	36.25795918367347	36.57142857142857	4112.841796875	4866.50390625	90	0			0
JAGUAS253_20121114_080107.wav	52	Spectrogram 1	1	Hyloxalus	36.78040816326531	37.10548752834467	4134.375	4866.50390625	92	0			0
JAGUAS253_20121114_080107.wav	53	Spectrogram 1	1	Hyloxalus	37.651156462585035	37.9762358276644	4069.775390625	4844.970703125	93	0			0
JAGUAS253_20121114_080107.wav	54	Spectrogram 1	1	Leptopogon superciliaris	38.12716553287982	38.568344671201814	3143.84765625	5641.69921875	95	0			0
JAGUAS253_20121114_080107.wav	55	Spectrogram 1	1	Hyloxalus	38.568344671201814	38.905034013605444	4069.775390625	4888.037109375	96	0			0
JAGUAS253_20121114_080107.wav	56	Spectrogram 1	1	Hyloxalus	39.0443537414966	39.34621315192744	4134.375	4888.037109375	97	0			0
JAGUAS253_20121114_080107.wav	57	Spectrogram 1	1	Hyloxalus	39.50875283446712	39.82222222222222	4112.841796875	4909.5703125	98	0			0
JAGUAS253_20121114_080107.wav	58	Spectrogram 1	1	Hyloxalus	40.03120181405896	40.34467120181406	4091.30859375	4909.5703125	100	0			0
JAGUAS253_20121114_080107.wav	59	Spectrogram 1	1	Hyloxalus	40.47238095238095	40.78585034013606	4048.2421875	4909.5703125	102	0			0
JAGUAS253_20121114_080107.wav	60	Spectrogram 1	1	Hyloxalus	40.936780045351476	41.250249433106575	4134.375	4931.103515625	103	0			0
JAGUAS253_20121114_080107.wav	61	Spectrogram 1	1	Hyloxalus	41.4940589569161	41.795918367346935	4091.30859375	4888.037109375	106	0			0
JAGUAS253_20121114_080107.wav	62	Spectrogram 1	1	Hyloxalus	42.37641723356009	42.67827664399093	4134.375	4866.50390625	107	0			0
JAGUAS253_20121114_080107.wav	63	Spectrogram 1	1	Hyloxalus	42.82920634920635	43.13106575963719	4091.30859375	4909.5703125	108	0			0
JAGUAS253_20121114_080107.wav	64	Spectrogram 1	1	Hyloxalus	43.29360544217687	43.607074829931975	4112.841796875	4909.5703125	109	0			0
JAGUAS253_20121114_080107.wav	65	Spectrogram 1	1	Hyloxalus	43.816054421768705	44.11791383219955	4134.375	4931.103515625	111	0			0
JAGUAS253_20121114_080107.wav	66	Spectrogram 1	1	Hyloxalus	44.315283446712016	44.62875283446712	4134.375	4931.103515625	112	0			0
JAGUAS253_20121114_080107.wav	67	Spectrogram 1	1	Leptopogon superciliaris	44.44299319727891	45.139591836734695	3057.71484375	5534.033203125	113	1			0
JAGUAS253_20121114_080107.wav	68	Spectrogram 1	1	Leptopogon superciliaris	45.29052154195011	46.04517006802721	2950.048828125	5426.3671875	114	1			0
JAGUAS253_20121114_080107.wav	69	Spectrogram 1	1	Hyloxalus	46.27736961451247	46.57922902494331	4091.30859375	4931.103515625	115	0			0
JAGUAS253_20121114_080107.wav	70	Spectrogram 1	1	Hyloxalus	46.7069387755102	47.008798185941046	4134.375	4931.103515625	116	0			0
JAGUAS253_20121114_080107.wav	71	Spectrogram 1	1	Leptopogon superciliaris	47.42675736961451	48.36716553287982	3079.248046875	5577.099609375	119	1			0
JAGUAS253_20121114_080107.wav	72	Spectrogram 1	1	Leptopogon superciliaris	48.55292517006803	49.0637641723356	2971.58203125	5340.234375	121	0			0
JAGUAS253_20121114_080107.wav	73	Spectrogram 1	1	Hyloxalus	49.04054421768708	49.36562358276644	4134.375	4888.037109375	122	0			0
JAGUAS253_20121114_080107.wav	74	Spectrogram 1	1	Hyloxalus	49.504943310657595	49.80680272108844	4155.908203125	4931.103515625	123	0			0
JAGUAS253_20121114_080107.wav	75	Spectrogram 1	1	Hyloxalus	49.957732426303856	50.25959183673469	4177.44140625	4931.103515625	125	0			0
JAGUAS253_20121114_080107.wav	76	Spectrogram 1	1	Hyloxalus	50.45696145124717	50.74721088435374	4155.908203125	4909.5703125	126	0			0
JAGUAS253_20121114_080107.wav	77	Spectrogram 1	1	Hyloxalus	50.89814058956916	51.211609977324265	4091.30859375	4909.5703125	127	0			0
JAGUAS253_20121114_080107.wav	78	Spectrogram 1	1	Leptopogon superciliaris	52.19845804988662	52.97632653061225	2950.048828125	5167.96875	129	1			0
JAGUAS253_20121114_080107.wav	79	Spectrogram 1	1	Hyloxalus	53.1156462585034	53.440725623582765	4155.908203125	4952.63671875	132	0			0
JAGUAS253_20121114_080107.wav	80	Spectrogram 1	1	Hyloxalus	53.556825396825396	53.881904761904764	4134.375	4931.103515625	134	0			0
JAGUAS253_20121114_080107.wav	81	Spectrogram 1	1	Hyloxalus	55.83238095238095	56.14585034013606	4155.908203125	4909.5703125	138	0			0
JAGUAS253_20121114_080107.wav	82	Spectrogram 1	1	Hyloxalus	56.28517006802721	56.62185941043084	4112.841796875	4866.50390625	140	0			0
JAGUAS253_20121114_080107.wav	83	Spectrogram 1	1	Leptopogon superciliaris	56.73795918367347	57.50421768707483	2928.515625	5189.501953125	142	1			0
JAGUAS253_20121114_080107.wav	84	Spectrogram 1	1	Hyloxalus	57.63192743764172	57.9221768707483	4069.775390625	4844.970703125	144	0			0
JAGUAS253_20121114_080107.wav	85	Spectrogram 1	1	Hyloxalus	58.525895691609975	58.82775510204082	4134.375	4844.970703125	147	0			0
JAGUAS253_20121114_080107.wav	86	Spectrogram 1	1	Hyloxalus	58.978684807256236	59.292154195011335	3380.712890625	4823.4375	148	0			0
JAGUAS253_20121114_080107.wav	87	Spectrogram 1	1	Hyloxalus	59.48952380952381	59.779773242630384	3897.509765625	4866.50390625	150	0			0
JAGUAS253_20121114_081107.wav	88	Spectrogram 1	1	Hyloxalus	61.1609977324263	61.288707482993196	4328.173828125	4758.837890625	155	0			60
JAGUAS253_20121114_081107.wav	89	Spectrogram 1	1	Hyloxalus	61.63700680272109	61.76471655328798	4306.640625	4715.771484375	158	0			60
JAGUAS253_20121114_081107.wav	90	Spectrogram 1	1	Hyloxalus	64.44662131519274	64.57433106575964	4349.70703125	4737.3046875	171	0			60
JAGUAS253_20121114_081107.wav	91	Spectrogram 1	1	Ramphocelus dimidiatus	72.26013605442176	72.65487528344671	3380.712890625	5383.30078125	185	1			60
JAGUAS253_20121114_081107.wav	92	Spectrogram 1	1	Hyloxalus	73.67655328798186	73.8507029478458	4242.041015625	4758.837890625	188	0			60
JAGUAS253_20121114_081107.wav	93	Spectrogram 1	1	Hyloxalus	76.70675736961451	76.92734693877551	4134.375	4758.837890625	192	0			60
JAGUAS253_20121114_081107.wav	94	Spectrogram 1	1	Ramphocelus dimidiatus	77.05505668934241	77.50784580498866	3531.4453125	5620.166015625	193	1			60
JAGUAS253_20121114_081107.wav	95	Spectrogram 1	1	Ramphocelus dimidiatus	85.65804988662131	86.50557823129252	1528.857421875	5598.6328125	206	0			60
JAGUAS253_20121114_081107.wav	96	Spectrogram 1	1	Hyloxalus	86.86548752834467	87.19056689342403	3832.91015625	4392.7734375	209	0			60
JAGUAS253_20121114_081107.wav	97	Spectrogram 1	1	Ramphocelus dimidiatus	87.44598639455782	88.2702947845805	1528.857421875	5749.365234375	211	0			60
JAGUAS253_20121114_081107.wav	98	Spectrogram 1	1	Hyloxalus	88.59537414965986	88.85079365079365	4048.2421875	4651.171875	219	0			60
JAGUAS253_20121114_081107.wav	99	Spectrogram 1	1	Hyloxalus	90.499410430839	90.72	4155.908203125	4844.970703125	224	0			60
JAGUAS253_20121114_081107.wav	100	Spectrogram 1	1	Ramphocelus dimidiatus	92.07836734693878	92.49632653061224	1507.32421875	8397.94921875	229	0			60
JAGUAS253_20121114_081107.wav	101	Spectrogram 1	1	Hyloxalus	92.6704761904762	92.87945578231293	4005.17578125	4844.970703125	231	0			60
JAGUAS253_20121114_081107.wav	102	Spectrogram 1	1	Hyloxalus	93.76181405895692	93.97079365079365	4069.775390625	4866.50390625	233	0			60
JAGUAS253_20121114_081107.wav	103	Spectrogram 1	1	Hyloxalus	94.30748299319728	94.5512925170068	4091.30859375	4888.037109375	234	0			60
JAGUAS253_20121114_081107.wav	104	Spectrogram 1	1	Ramphocelus dimidiatus	94.76027210884354	95.23628117913833	1528.857421875	5727.83203125	235	0			60
JAGUAS253_20121114_081107.wav	105	Spectrogram 1	1	Hyloxalus	95.77034013605441	96.01414965986395	4069.775390625	4909.5703125	237	0			60
JAGUAS253_20121114_081107.wav	106	Spectrogram 1	1	Hyloxalus	96.22312925170068	96.52498866213152	3380.712890625	5017.236328125	239	0			60
JAGUAS253_20121114_081107.wav	107	Spectrogram 1	1	Hyloxalus	97.3144671201814	97.54666666666667	4048.2421875	4909.5703125	243	0			60
JAGUAS253_20121114_081107.wav	108	Spectrogram 1	1	Hyloxalus	97.74403628117915	97.96462585034013	4069.775390625	4931.103515625	244	0			60
JAGUAS253_20121114_081107.wav	109	Spectrogram 1	1	Ramphocelus dimidiatus	98.22004535147391	98.69605442176871	4026.708984375	12252.392578125	245	1			60
JAGUAS253_20121114_081107.wav	110	Spectrogram 1	1	Hyloxalus	98.80054421768708	99.03274376417234	4091.30859375	4866.50390625	247	0			60
JAGUAS253_20121114_081107.wav	111	Spectrogram 1	1	Ramphocelus dimidiatus	99.2301133786848	99.6712925170068	1593.45703125	5706.298828125	248	0			60
JAGUAS253_20121114_081107.wav	112	Spectrogram 1	1	Hyloxalus	99.82222222222222	100.06603174603174	4048.2421875	4888.037109375	252	0			60
JAGUAS253_20121114_081107.wav	113	Spectrogram 1	1	Hyloxalus	100.739410430839	100.98321995464852	3962.109375	4844.970703125	254	0			60
JAGUAS253_20121114_081107.wav	114	Spectrogram 1	1	Hyloxalus	101.180589569161	101.42439909297053	3897.509765625	5060.302734375	255	0			60
JAGUAS253_20121114_081107.wav	115	Spectrogram 1	1	Ramphocelus dimidiatus	101.63337868480725	102.34158730158731	1571.923828125	7773.486328125	256	0			60
JAGUAS253_20121114_081107.wav	116	Spectrogram 1	1	Hyloxalus	102.55056689342403	102.77115646258503	4112.841796875	4866.50390625	258	0			60
JAGUAS253_20121114_081107.wav	117	Spectrogram 1	1	Hyloxalus	103.46775510204083	103.72317460317461	4069.775390625	4888.037109375	260	0			60
JAGUAS253_20121114_081107.wav	118	Spectrogram 1	1	Hyloxalus	104.09469387755102	104.35011337868481	4048.2421875	4780.37109375	261	0			60
JAGUAS253_20121114_081107.wav	119	Spectrogram 1	1	Ramphocelus dimidiatus	104.54748299319728	105.30213151927438	1507.32421875	5684.765625	262	0			60
JAGUAS253_20121114_081107.wav	120	Spectrogram 1	1	Hyloxalus	105.47628117913831	105.72009070294784	4069.775390625	4844.970703125	264	0			60
JAGUAS253_20121114_081107.wav	121	Spectrogram 1	1	Hyloxalus	105.92907029478458	106.17287981859411	4026.708984375	4866.50390625	265	0			60
JAGUAS253_20121114_081107.wav	122	Spectrogram 1	1	Hyloxalus	106.38185941043085	106.63727891156464	4005.17578125	4909.5703125	266	0			60
JAGUAS253_20121114_081107.wav	123	Spectrogram 1	1	Ramphocelus dimidiatus	106.85786848072561	107.62412698412697	1507.32421875	5598.6328125	267	0			60
JAGUAS253_20121114_081107.wav	124	Spectrogram 1	1	Hyloxalus	108.73868480725623	109.01732426303855	3983.642578125	4909.5703125	271	0			60
JAGUAS253_20121114_081107.wav	125	Spectrogram 1	1	Ramphocelus dimidiatus	109.66748299319728	110.36408163265307	1614.990234375	6029.296875	273	0			60
JAGUAS253_20121114_081107.wav	126	Spectrogram 1	1	Hyloxalus	111.3277097505669	111.60634920634921	4026.708984375	4931.103515625	277	0			60
JAGUAS253_20121114_081107.wav	127	Spectrogram 1	1	Ramphocelus dimidiatus	111.66439909297051	112.63963718820861	1442.724609375	5857.03125	278	0			60
JAGUAS253_20121114_081107.wav	128	Spectrogram 1	1	Hyloxalus	113.52199546485261	113.69614512471655	4285.107421875	4801.904296875	283	0			60
JAGUAS253_20121114_081107.wav	129	Spectrogram 1	1	Hyloxalus	113.97478458049886	114.21859410430838	4285.107421875	4801.904296875	286	0			60
JAGUAS253_20121114_081107.wav	130	Spectrogram 1	1	Hyloxalus	114.54367346938776	114.72943310657595	4328.173828125	4801.904296875	287	0			60
JAGUAS253_20121114_081107.wav	131	Spectrogram 1	1	Hyloxalus	115.58857142857143	115.7511111111111	4263.57421875	4844.970703125	290	0			60
JAGUAS253_20121114_081107.wav	132	Spectrogram 1	1	Ramphocelus dimidiatus	115.91365079365079	116.43609977324263	1528.857421875	5749.365234375	291	0			60
JAGUAS253_20121114_081107.wav	133	Spectrogram 1	1	Hyloxalus	116.6334693877551	116.86566893424036	4328.173828125	4866.50390625	293	0			60
JAGUAS253_20121114_081107.wav	134	Spectrogram 1	1	Hyloxalus	117.15591836734694	117.37650793650793	4328.173828125	4823.4375	294	0			60
JAGUAS253_20121114_081107.wav	135	Spectrogram 1	1	Hyloxalus	117.63192743764172	117.89895691609976	4263.57421875	4844.970703125	295	0			60
JAGUAS253_20121114_081107.wav	136	Spectrogram 1	1	Hyloxalus	118.1079365079365	118.38657596371883	4285.107421875	4844.970703125	296	0			60
JAGUAS253_20121114_081107.wav	137	Spectrogram 1	1	Hyloxalus	118.63038548752834	118.8974149659864	4349.70703125	4909.5703125	297	0			60
JAGUAS253_20121114_081107.wav	138	Spectrogram 1	1	Hyloxalus	119.58240362811792	119.74494331065759	4263.57421875	4844.970703125	299	0			60
JAGUAS253_20121114_082107.wav	139	Spectrogram 1	1	Ramphocelus dimidiatus	123.13469387755102	123.55265306122449	1722.65625	5469.43359375	308	0			120
JAGUAS253_20121114_082107.wav	140	Spectrogram 1	1	Hyloxalus	123.77324263038548	124.05188208616781	4026.708984375	4457.373046875	311	0			120
JAGUAS253_20121114_082107.wav	141	Spectrogram 1	1	Hyloxalus	124.4001814058957	124.70204081632653	4112.841796875	4608.10546875	313	0			120
JAGUAS253_20121114_082107.wav	142	Spectrogram 1	1	Ramphocelus dimidiatus	125.06195011337869	125.57278911564626	2670.1171875	4952.63671875	314	0			120
JAGUAS253_20121114_082107.wav	143	Spectrogram 1	1	Hyloxalus	125.71210884353741	125.88625850340136	4112.841796875	4414.306640625	316	0			120
JAGUAS253_20121114_082107.wav	144	Spectrogram 1	1	Hyloxalus	126.44353741496599	126.65251700680273	4112.841796875	4435.83984375	317	0			120
JAGUAS253_20121114_082107.wav	145	Spectrogram 1	1	Ramphocelus dimidiatus	126.98920634920636	127.54648526077098	1701.123046875	5254.1015625	318	1			120
JAGUAS253_20121114_082107.wav	146	Spectrogram 1	1	Hyloxalus	128.91646258503403	129.10222222222222	4112.841796875	4392.7734375	321	0			120
JAGUAS253_20121114_082107.wav	147	Spectrogram 1	1	Ramphocelus dimidiatus	129.28798185941042	129.74077097505668	2153.3203125	5124.90234375	322	0			120
JAGUAS253_20121114_082107.wav	148	Spectrogram 1	1	Ramphocelus dimidiatus	130.2748299319728	131.05269841269842	1744.189453125	5189.501953125	324	0			120
JAGUAS253_20121114_082107.wav	149	Spectrogram 1	1	Ramphocelus dimidiatus	131.98149659863947	132.51555555555555	1744.189453125	5211.03515625	325	0			120
JAGUAS253_20121114_082107.wav	150	Spectrogram 1	1	Hyloxalus	132.80580498866215	132.9683446712018	4112.841796875	4414.306640625	326	0			120
JAGUAS253_20121114_082107.wav	151	Spectrogram 1	1	Hyloxalus	133.47918367346938	133.69977324263039	4134.375	4478.90625	327	0			120
JAGUAS253_20121114_082107.wav	152	Spectrogram 1	1	Ramphocelus dimidiatus	134.0712925170068	134.87238095238095	1701.123046875	5383.30078125	328	0			120
JAGUAS253_20121114_082107.wav	153	Spectrogram 1	1	Hyloxalus	136.021768707483	136.18430839002266	4112.841796875	4414.306640625	331	0			120
JAGUAS253_20121114_082107.wav	154	Spectrogram 1	1	Hyloxalus	136.683537414966	136.92734693877551	4048.2421875	4435.83984375	333	0			120
JAGUAS253_20121114_082107.wav	155	Spectrogram 1	1	Ramphocelus dimidiatus	137.10149659863947	137.60072562358278	1701.123046875	5103.369140625	334	0			120
JAGUAS253_20121114_082107.wav	156	Spectrogram 1	1	Ramphocelus dimidiatus	137.96063492063493	138.3437641723356	1701.123046875	5081.8359375	335	0			120
JAGUAS253_20121114_082107.wav	157	Spectrogram 1	1	Ramphocelus dimidiatus	139.4118820861678	139.7601814058957	2691.650390625	5211.03515625	338	0			120
JAGUAS253_20121114_082107.wav	158	Spectrogram 1	1	Hyloxalus	140.02721088435374	140.2245804988662	4134.375	4435.83984375	340	0			120
JAGUAS253_20121114_082107.wav	159	Spectrogram 1	1	Hyloxalus	140.56126984126985	140.74702947845805	4112.841796875	4392.7734375	341	0			120
JAGUAS253_20121114_082107.wav	160	Spectrogram 1	1	Ramphocelus dimidiatus	142.86004535147393	143.21995464852608	1701.123046875	5038.76953125	345	0			120
JAGUAS253_20121114_082107.wav	161	Spectrogram 1	1	Ramphocelus dimidiatus	145.40263038548753	145.73931972789114	1701.123046875	4888.037109375	348	0			120
JAGUAS253_20121114_082107.wav	162	Spectrogram 1	1	Ramphocelus dimidiatus	148.09614512471654	148.38639455782314	2777.783203125	5017.236328125	349	0			120
JAGUAS253_20121114_082107.wav	163	Spectrogram 1	1	Ramphocelus dimidiatus	149.837641723356	150.18594104308391	1679.58984375	5254.1015625	351	0			120
JAGUAS253_20121114_082107.wav	164	Spectrogram 1	1	Ramphocelus dimidiatus	152.34539682539682	152.65886621315192	1722.65625	5383.30078125	354	0			120
JAGUAS253_20121114_082107.wav	165	Spectrogram 1	1	Ramphocelus dimidiatus	155.49170068027212	156.01414965986396	2842.3828125	5124.90234375	358	1			120
JAGUAS253_20121114_082107.wav	166	Spectrogram 1	1	Ramphocelus dimidiatus	157.58149659863946	157.91818594104308	2756.25	5211.03515625	362	0			120
JAGUAS253_20121114_082107.wav	167	Spectrogram 1	1	Ramphocelus dimidiatus	162.29514739229023	162.66666666666666	1701.123046875	5038.76953125	369	0			120
JAGUAS253_20121114_082107.wav	168	Spectrogram 1	1	Ramphocelus dimidiatus	165.39501133786848	165.77814058956915	1744.189453125	5211.03515625	373	0			120
JAGUAS253_20121114_082107.wav	169	Spectrogram 1	1	Ramphocelus dimidiatus	167.03201814058957	167.3687074829932	2799.31640625	5060.302734375	374	0			120
JAGUAS253_20121114_082107.wav	170	Spectrogram 1	1	Ramphocelus dimidiatus	168.5645351473923	168.9012244897959	1658.056640625	5081.8359375	378	0			120
JAGUAS253_20121114_082107.wav	171	Spectrogram 1	1	Ramphocelus dimidiatus	171.83854875283447	172.2100680272109	2670.1171875	5189.501953125	381	1			120
JAGUAS253_20121114_082107.wav	172	Spectrogram 1	1	Hyloxalus	172.51192743764173	172.72090702947847	4349.70703125	4801.904296875	384	0			120
JAGUAS253_20121114_082107.wav	173	Spectrogram 1	1	Hyloxalus	172.99954648526077	173.31301587301587	4371.240234375	4780.37109375	385	1			120
JAGUAS253_20121114_082107.wav	174	Spectrogram 1	1	Hyloxalus	173.67292517006803	173.97478458049886	4414.306640625	4801.904296875	386	0			120
JAGUAS253_20121114_082107.wav	175	Spectrogram 1	1	Ramphocelus dimidiatus	174.775873015873	175.57696145124717	2691.650390625	4952.63671875	389	1			120
JAGUAS253_20121114_082107.wav	176	Spectrogram 1	1	Hyloxalus	175.7859410430839	176.05297052154197	4371.240234375	4823.4375	392	0			120
JAGUAS253_20121114_082107.wav	177	Spectrogram 1	1	Hyloxalus	176.2619501133787	176.57541950113378	4328.173828125	4844.970703125	394	0			120
JAGUAS253_20121114_082107.wav	178	Spectrogram 1	1	Hyloxalus	176.62185941043083	177.01659863945576	4371.240234375	4866.50390625	395	0			120
JAGUAS253_20121114_082107.wav	179	Spectrogram 1	1	Ramphocelus dimidiatus	177.202358276644	177.67836734693878	2734.716796875	5017.236328125	396	0			120
JAGUAS253_20121114_082107.wav	180	Spectrogram 1	1	Hyloxalus	177.65514739229025	177.93378684807257	4306.640625	4888.037109375	398	0			120
JAGUAS253_20121114_082107.wav	181	Spectrogram 1	1	Hyloxalus	178.09632653061226	178.37496598639456	4134.375	4888.037109375	399	0			120
JAGUAS253_20121114_082107.wav	182	Spectrogram 1	1	Hyloxalus	178.53750566893424	178.8277551020408	4371.240234375	4888.037109375	400	0			120
JAGUAS253_20121114_082107.wav	183	Spectrogram 1	1	Hyloxalus	178.96707482993196	179.28054421768707	4392.7734375	4909.5703125	401	0			120
JAGUAS253_20121114_082107.wav	184	Spectrogram 1	1	Hyloxalus	179.68689342403627	179.9887528344671	4112.841796875	4844.970703125	403	0			120
JAGUAS253_20121114_083107.wav	185	Spectrogram 1	1	Hyloxalus	181.55573696145126	182.08979591836734	4198.974609375	5038.76953125	406	0			180
JAGUAS253_20121114_083107.wav	186	Spectrogram 1	1	Basileuterus sp	184.12154195011337	185.16643990929705	6481.494140625	10637.40234375	414	0			180
JAGUAS253_20121114_083107.wav	187	Spectrogram 1	1	Hyloxalus	186.96598639455783	187.3839455782313	4220.5078125	4952.63671875	418	0			180
JAGUAS253_20121114_083107.wav	188	Spectrogram 1	1	Hyloxalus	187.43038548752835	187.8831746031746	4198.974609375	4974.169921875	421	0			180
JAGUAS253_20121114_083107.wav	189	Spectrogram 1	1	Hyloxalus	187.9760544217687	188.39401360544218	4263.57421875	4974.169921875	423	0			180
JAGUAS253_20121114_083107.wav	190	Spectrogram 1	1	Basileuterus sp	188.3243537414966	189.798820861678	5835.498046875	10443.603515625	425	0			180
JAGUAS253_20121114_083107.wav	191	Spectrogram 1	1	Basileuterus sp	192.97995464852607	194.1061224489796	6503.02734375	10615.869140625	433	0			180
JAGUAS253_20121114_083107.wav	192	Spectrogram 1	1	Sing bird 1	195.56897959183672	196.9970068027211	2260.986328125	5447.900390625	437	1			180
JAGUAS253_20121114_083107.wav	193	Spectrogram 1	1	Hyloxalus	199.73696145124717	200.12009070294783	4177.44140625	4974.169921875	450	0			180
JAGUAS253_20121114_083107.wav	194	Spectrogram 1	1	Basileuterus sp	200.1665306122449	201.8615873015873	5770.8984375	10551.26953125	452	0			180
JAGUAS253_20121114_083107.wav	195	Spectrogram 1	1	Hyloxalus	202.8368253968254	203.20834467120181	4112.841796875	4952.63671875	456	0			180
JAGUAS253_20121114_083107.wav	196	Spectrogram 1	1	Hyloxalus	203.28961451247164	203.67274376417234	4048.2421875	5469.43359375	457	0			180
JAGUAS253_20121114_083107.wav	197	Spectrogram 1	1	Sing bird 1	204.26485260770974	204.94984126984127	2282.51953125	5447.900390625	459	1			180
JAGUAS253_20121114_083107.wav	198	Spectrogram 1	1	Basileuterus sp	204.86857142857144	206.51718820861677	6438.427734375	10529.736328125	462	0			180
JAGUAS253_20121114_083107.wav	199	Spectrogram 1	1	Sing bird 1	207.89877551020408	208.54893424036283	1098.193359375	5534.033203125	464	1			180
JAGUAS253_20121114_083107.wav	200	Spectrogram 1	1	Basileuterus sp	209.41968253968253	211.2540589569161	6481.494140625	10702.001953125	468	0			180
JAGUAS253_20121114_083107.wav	201	Spectrogram 1	1	Sing bird 1	212.33378684807258	213.06521541950113	1550.390625	4801.904296875	469	1			180
JAGUAS253_20121114_083107.wav	202	Spectrogram 1	1	Basileuterus sp	213.7385941043084	215.619410430839	6481.494140625	10680.46875	471	0			180
JAGUAS253_20121114_083107.wav	203	Spectrogram 1	1	Sing bird 1	215.64263038548754	216.32761904761904	2131.787109375	5146.435546875	473	1			180
JAGUAS253_20121114_083107.wav	204	Spectrogram 1	1	Basileuterus sp	218.87020408163266	220.62331065759636	5749.365234375	10745.068359375	477	0			180
JAGUAS253_20121114_083107.wav	205	Spectrogram 1	1	Sing bird 1	219.47392290249434	220.2401814058957	2347.119140625	5340.234375	480	0			180
JAGUAS253_20121114_083107.wav	206	Spectrogram 1	1	Sing bird 1	222.72471655328798	223.32843537414965	2196.38671875	5297.16796875	490	0			180
JAGUAS253_20121114_083107.wav	207	Spectrogram 1	1	Basileuterus sp	224.50104308390024	225.09315192743765	6524.560546875	9991.40625	493	0			180
JAGUAS253_20121114_083107.wav	208	Spectrogram 1	1	Basileuterus sp	227.9956462585034	228.91283446712018	7041.357421875	10508.203125	500	0			180
JAGUAS253_20121114_083107.wav	209	Spectrogram 1	1	Basileuterus sp	228.98249433106577	230.10866213151928	6459.9609375	9883.740234375	502	0			180
JAGUAS253_20121114_083107.wav	210	Spectrogram 1	1	Sing bird 1	229.89968253968254	230.5150113378685	2325.5859375	5254.1015625	504	0			180
JAGUAS253_20121114_083107.wav	211	Spectrogram 1	1	Basileuterus sp	232.4190476190476	233.91673469387754	1528.857421875	10809.66796875	513	1			180
JAGUAS253_20121114_083107.wav	212	Spectrogram 1	1	Sing bird 1	235.85560090702947	236.7960090702948	2304.052734375	5146.435546875	518	1			180
JAGUAS253_20121114_083107.wav	213	Spectrogram 1	1	Sing bird 1	239.44308390022675	239.9887528344671	1141.259765625	5017.236328125	526	1			180
JAGUAS253_20121114_084107.wav	214	Spectrogram 1	1	Hyloxalus	240.08126984126983	240.32507936507938	4457.373046875	4823.4375	528	0			240
JAGUAS253_20121114_084107.wav	215	Spectrogram 1	1	Call bird 2	240.5340589569161	240.89396825396827	3682.177734375	7170.556640625	529	0			240
JAGUAS253_20121114_084107.wav	216	Spectrogram 1	1	Hyloxalus	241.12616780045352	241.42802721088435	4306.640625	4888.037109375	530	0			240
JAGUAS253_20121114_084107.wav	217	Spectrogram 1	1	Hyloxalus	242.8328344671202	243.1114739229025	4392.7734375	4888.037109375	534	0			240
JAGUAS253_20121114_084107.wav	218	Spectrogram 1	1	Hyloxalus	243.29723356009072	243.63392290249433	4306.640625	4952.63671875	536	0			240
JAGUAS253_20121114_084107.wav	219	Spectrogram 1	1	Hyloxalus	244.81814058956917	245.15482993197278	4414.306640625	4909.5703125	538	0			240
JAGUAS253_20121114_084107.wav	220	Spectrogram 1	1	Hyloxalus	245.27092970521542	245.54956916099772	4328.173828125	5081.8359375	539	0			240
JAGUAS253_20121114_084107.wav	221	Spectrogram 1	1	Hyloxalus	245.75854875283446	246.04879818594105	4392.7734375	4888.037109375	541	0			240
JAGUAS253_20121114_084107.wav	222	Spectrogram 1	1	Hyloxalus	247.26784580498867	247.6393650793651	4285.107421875	4909.5703125	544	0			240
JAGUAS253_20121114_084107.wav	223	Spectrogram 1	1	Hyloxalus	247.76707482993197	248.09215419501135	4371.240234375	4866.50390625	545	0			240
JAGUAS253_20121114_084107.wav	224	Spectrogram 1	1	Call bird 2	248.3243537414966	248.69587301587302	4285.107421875	7278.22265625	546	0			240
JAGUAS253_20121114_084107.wav	225	Spectrogram 1	1	Hyloxalus	249.8336507936508	250.12390022675737	4414.306640625	4888.037109375	549	0			240
JAGUAS253_20121114_084107.wav	226	Spectrogram 1	1	Call bird 2	250.32126984126984	250.6463492063492	4306.640625	5749.365234375	552	1			240
JAGUAS253_20121114_084107.wav	227	Spectrogram 1	1	Hyloxalus	251.36616780045352	251.63319727891155	4457.373046875	4866.50390625	554	0			240
JAGUAS253_20121114_084107.wav	228	Spectrogram 1	1	Call bird 2	251.9002267573696	252.23691609977325	4112.841796875	7041.357421875	555	0			240
JAGUAS253_20121114_084107.wav	229	Spectrogram 1	1	Hyloxalus	252.45750566893423	252.75936507936507	4349.70703125	4888.037109375	556	0			240
JAGUAS253_20121114_084107.wav	230	Spectrogram 1	1	Hyloxalus	253.46757369614514	253.72299319727892	4414.306640625	4844.970703125	558	1			240
JAGUAS253_20121114_084107.wav	231	Spectrogram 1	1	Call bird 2	254.02485260770976	254.83755102040817	4177.44140625	6933.69140625	559	0			240
JAGUAS253_20121114_084107.wav	232	Spectrogram 1	1	Call bird 2	255.71990929705214	256.0101587301587	4134.375	6955.224609375	562	1			240
JAGUAS253_20121114_084107.wav	233	Spectrogram 1	1	Call bird 2	258.8546031746032	259.16807256235825	4306.640625	6007.763671875	566	1			240
JAGUAS253_20121114_084107.wav	234	Spectrogram 1	1	Hyloxalus	259.87628117913835	260.259410430839	4371.240234375	4866.50390625	568	0			240
JAGUAS253_20121114_084107.wav	235	Spectrogram 1	1	Call bird 2	260.0039909297052	260.28263038548755	6416.89453125	8505.615234375	569	0			240
JAGUAS253_20121114_084107.wav	236	Spectrogram 1	1	Hyloxalus	261.43201814058955	261.7222675736962	4392.7734375	4823.4375	572	1			240
JAGUAS253_20121114_084107.wav	237	Spectrogram 1	1	Hyloxalus	261.9312471655329	262.1402267573696	4414.306640625	4801.904296875	573	0			240
JAGUAS253_20121114_084107.wav	238	Spectrogram 1	1	Call bird 2	262.5930158730159	263.0225850340136	3940.576171875	7278.22265625	574	1			240
JAGUAS253_20121114_084107.wav	239	Spectrogram 1	1	Call bird 2	265.95990929705215	266.2849886621315	4220.5078125	6632.2265625	587	0			240
JAGUAS253_20121114_084107.wav	240	Spectrogram 1	1	Call bird 2	267.41115646258504	267.7130158730159	2670.1171875	7493.5546875	588	0			240
JAGUAS253_20121114_084107.wav	241	Spectrogram 1	1	Call bird 2	269.18748299319725	269.4777324263039	4220.5078125	7235.15625	596	0			240
JAGUAS253_20121114_084107.wav	242	Spectrogram 1	1	Call bird 2	270.5342403628118	271.13795918367344	3789.84375	6739.892578125	601	1			240
JAGUAS253_20121114_084107.wav	243	Spectrogram 1	1	Call bird 2	272.1480272108844	272.4150566893424	4521.97265625	6029.296875	605	0			240
JAGUAS253_20121114_084107.wav	244	Spectrogram 1	1	Call bird 2	273.85469387755103	274.1333333333333	4651.171875	6869.091796875	608	0			240
JAGUAS253_20121114_084107.wav	245	Spectrogram 1	1	Call bird 2	276.501768707483	276.8500680272109	4026.708984375	7127.490234375	611	0			240
JAGUAS253_20121114_084107.wav	246	Spectrogram 1	1	Call bird 2	278.0691156462585	278.3245351473923	4263.57421875	6546.09375	612	0			240
JAGUAS253_20121114_084107.wav	247	Spectrogram 1	1	Call bird 2	279.6712925170068	279.96154195011337	4672.705078125	6890.625	614	0			240
JAGUAS253_20121114_084107.wav	248	Spectrogram 1	1	Call bird 2	281.0877097505669	281.50566893424036	4263.57421875	7149.0234375	616	0			240
JAGUAS253_20121114_084107.wav	249	Spectrogram 1	1	Call bird 2	283.68834467120183	284.0134240362812	4242.041015625	6998.291015625	617	0			240
JAGUAS253_20121114_084107.wav	250	Spectrogram 1	1	Call bird 2	285.44145124716556	285.7317006802721	4177.44140625	6503.02734375	619	0			240
JAGUAS253_20121114_084107.wav	251	Spectrogram 1	1	Call bird 2	287.7170068027211	288.00725623582764	4565.0390625	7170.556640625	624	0			240
JAGUAS253_20121114_084107.wav	252	Spectrogram 1	1	Call bird 2	292.25650793650794	292.523537414966	4543.505859375	5943.1640625	629	0			240
JAGUAS253_20121114_102107.wav	253	Spectrogram 1	1	Henicorhina leucosticta	305.47990929705213	306.04879818594105	1787.255859375	3402.24609375	639	0			300
JAGUAS253_20121114_102107.wav	254	Spectrogram 1	1	Henicorhina leucosticta	309.12544217687076	309.53179138321997	1873.388671875	3359.1796875	642	0			300
JAGUAS253_20121114_102107.wav	255	Spectrogram 1	1	Call bird 1	311.76090702947846	312.67809523809524	3100.78125	6180.029296875	644	0			300
JAGUAS253_20121114_102107.wav	256	Spectrogram 1	1	Call bird 1	314.0480725623583	314.6053514739229	2906.982421875	6459.9609375	647	0			300
JAGUAS253_20121114_102107.wav	257	Spectrogram 1	1	Henicorhina leucosticta	314.53569160997733	315.0117006802721	1830.322265625	3940.576171875	649	0			300
JAGUAS253_20121114_102107.wav	258	Spectrogram 1	1	Call bird 1	316.950566893424	317.42657596371885	3165.380859375	6158.49609375	651	0			300
JAGUAS253_20121114_102107.wav	259	Spectrogram 1	1	Call bird 1	320.6773696145125	321.141768707483	3165.380859375	6266.162109375	660	0			300
JAGUAS253_20121114_102107.wav	260	Spectrogram 1	1	Call bird 1	322.5814058956916	323.01097505668935	3143.84765625	6223.095703125	661	0			300
JAGUAS253_20121114_102107.wav	261	Spectrogram 1	1	Call bird 1	324.46222222222224	324.8801814058957	3186.9140625	6093.896484375	663	0			300
JAGUAS253_20121114_102107.wav	262	Spectrogram 1	1	Call bird 1	325.7857596371882	326.2269387755102	3100.78125	6223.095703125	664	0			300
JAGUAS253_20121114_102107.wav	263	Spectrogram 1	1	Saltator maximus	326.2849886621315	326.7609977324263	6072.36328125	6976.7578125	665	0			300
JAGUAS253_20121114_102107.wav	264	Spectrogram 1	1	Call bird 1	329.5590022675737	330.30204081632655	3208.447265625	6223.095703125	669	0			300
JAGUAS253_20121114_102107.wav	265	Spectrogram 1	1	Call bird 1	333.93596371882086	334.24943310657596	3229.98046875	6223.095703125	678	0			300
JAGUAS253_20121114_102107.wav	266	Spectrogram 1	1	Call bird 1	336.0489795918367	336.5598185941043	3165.380859375	6136.962890625	679	0			300
JAGUAS253_20121114_102107.wav	267	Spectrogram 1	1	Call bird 1	338.0110657596372	338.3477551020408	3229.98046875	6352.294921875	681	0			300
JAGUAS253_20121114_102107.wav	268	Spectrogram 1	1	Saltator maximus	338.9514739229025	339.4507029478458	6093.896484375	7536.62109375	682	0			300
JAGUAS253_20121114_102107.wav	269	Spectrogram 1	1	Call bird 1	339.5319727891156	339.8686621315193	3617.578125	6524.560546875	685	0			300
JAGUAS253_20121114_102107.wav	270	Spectrogram 1	1	Henicorhina leucosticta	339.5435827664399	339.93832199546483	1442.724609375	3531.4453125	686	0			300
JAGUAS253_20121114_102107.wav	271	Spectrogram 1	1	Call bird 1	341.31990929705216	341.72625850340137	3316.11328125	6330.76171875	690	0			300
JAGUAS253_20121114_102107.wav	272	Spectrogram 1	1	Call bird 1	342.64344671201815	343.04979591836735	3057.71484375	6266.162109375	692	0			300
JAGUAS253_20121114_102107.wav	273	Spectrogram 1	1	Call bird 1	344.22240362811795	344.8261224489796	3014.6484375	6093.896484375	694	0			300
JAGUAS253_20121114_102107.wav	274	Spectrogram 1	1	Henicorhina leucosticta	345.6156009070295	345.9871201814059	1464.2578125	3337.646484375	698	0			300
JAGUAS253_20121114_102107.wav	275	Spectrogram 1	1	Call bird 1	347.49641723356007	348.07691609977326	3100.78125	6352.294921875	702	0			300
JAGUAS253_20121114_102107.wav	276	Spectrogram 1	1	Call bird 1	350.36408163265304	350.74721088435376	3273.046875	6266.162109375	704	0			300
JAGUAS253_20121114_102107.wav	277	Spectrogram 1	1	Saltator maximus	351.57151927437644	352.03591836734694	6201.5625	7213.623046875	707	0			300
JAGUAS253_20121114_102107.wav	278	Spectrogram 1	1	Call bird 1	352.5119274376417	353.2433560090703	3122.314453125	7773.486328125	708	0			300
JAGUAS253_20121114_102107.wav	279	Spectrogram 1	1	Henicorhina leucosticta	354.11410430839004	354.508843537415	1442.724609375	3940.576171875	710	0			300
JAGUAS253_20121114_102107.wav	280	Spectrogram 1	1	Call bird 1	355.2286621315193	355.5653514739229	2906.982421875	6632.2265625	711	0			300
JAGUAS253_20121114_102107.wav	281	Spectrogram 1	1	Call bird 1	356.56380952380954	356.97015873015874	3229.98046875	6330.76171875	712	0			300
JAGUAS253_20121114_102107.wav	282	Spectrogram 1	1	Saltator maximus	358.10793650793653	358.52589569161	6309.228515625	7105.95703125	713	0			300
JAGUAS253_20121114_102107.wav	283	Spectrogram 1	1	Call bird 1	358.10793650793653	358.6768253968254	2971.58203125	6266.162109375	714	0			300
JAGUAS253_20121114_113107.wav	284	Spectrogram 1	1	Coereba flaveola	360.01160997732427	361.8227664399093	4629.638671875	9840.673828125	719	0			360
JAGUAS253_20121114_113107.wav	285	Spectrogram 1	1	Coereba flaveola	367.87156462585034	369.12544217687076	5490.966796875	10120.60546875	723	0			360
JAGUAS253_20121114_113107.wav	286	Spectrogram 1	1	Call bird 2	370.49541950113377	370.76244897959185	5534.033203125	7385.888671875	727	0			360
JAGUAS253_20121114_113107.wav	287	Spectrogram 1	1	Coereba flaveola	371.88861678004537	373.43274376417236	5426.3671875	10163.671875	731	0			360
JAGUAS253_20121114_113107.wav	288	Spectrogram 1	1	Saltator maximus	374.5589115646259	374.7795011337868	9431.54296875	9905.2734375	737	1			360
JAGUAS253_20121114_113107.wav	289	Spectrogram 1	1	Coereba flaveola	374.5705215419501	374.72145124716553	14276.513671875	16408.30078125	738	1			360
JAGUAS253_20121114_113107.wav	290	Spectrogram 1	1	Call bird 2	378.4366439909297	378.7849433106576	5943.1640625	8397.94921875	747	0			360
JAGUAS253_20121114_113107.wav	291	Spectrogram 1	1	Call bird 2	380.6657596371882	381.0140589569161	4500.439453125	6869.091796875	758	0			360
JAGUAS253_20121114_113107.wav	292	Spectrogram 1	1	Coereba flaveola	381.3971882086168	383.01097505668935	5921.630859375	10379.00390625	761	1			360
JAGUAS253_20121114_113107.wav	293	Spectrogram 1	1	Coereba flaveola	387.2021768707483	388.247074829932	4392.7734375	9926.806640625	766	0			360
JAGUAS253_20121114_113107.wav	294	Spectrogram 1	1	Call bird 2	389.7099319727891	390.08145124716555	4048.2421875	6567.626953125	771	0			360
JAGUAS253_20121114_113107.wav	295	Spectrogram 1	1	Saltator maximus	390.39492063492065	390.9173696145125	6244.62890625	7084.423828125	772	0			360
JAGUAS253_20121114_113107.wav	296	Spectrogram 1	1	Call bird 2	392.49632653061224	392.80979591836734	4672.705078125	6782.958984375	777	0			360
JAGUAS253_20121114_113107.wav	297	Spectrogram 1	1	Coereba flaveola	392.90267573696144	394.3655328798186	4220.5078125	10012.939453125	779	0			360
JAGUAS253_20121114_113107.wav	298	Spectrogram 1	1	Coereba flaveola	398.6612244897959	400.1356916099773	5857.03125	9948.33984375	786	1			360
JAGUAS253_20121114_113107.wav	299	Spectrogram 1	1	Saltator maximus	416.2155102040816	416.6682993197279	6503.02734375	7299.755859375	792	1			360
JAGUAS253_20121114_230107.wav	300	Spectrogram 1	1	Diasporus gularis	420.0928798185941	420.48761904761903	2756.25	3337.646484375	795	0			420
JAGUAS253_20121114_230107.wav	301	Spectrogram 1	1	Diasporus gularis	422.9489342403628	423.32045351473926	2842.3828125	3316.11328125	806	0			420
JAGUAS253_20121114_230107.wav	302	Spectrogram 1	1	Diasporus gularis	423.2624036281179	423.5874829931973	3811.376953125	4349.70703125	807	1			420
JAGUAS253_20121114_230107.wav	303	Spectrogram 1	1	Diasporus gularis	426.3854875283447	426.7453968253968	2799.31640625	3337.646484375	812	0			420
JAGUAS253_20121114_230107.wav	304	Spectrogram 1	1	Diasporus gularis	429.40408163265306	429.81043083900227	2713.18359375	3402.24609375	815	0			420
JAGUAS253_20121114_230107.wav	305	Spectrogram 1	1	Diasporus gularis	432.1556462585034	432.5155555555556	2799.31640625	3273.046875	819	0			420
JAGUAS253_20121114_230107.wav	306	Spectrogram 1	1	Diasporus gularis	435.66185941043085	435.9869387755102	2820.849609375	3294.580078125	826	0			420
JAGUAS253_20121114_230107.wav	307	Spectrogram 1	1	Diasporus gularis	438.9010430839002	439.2145124716553	2756.25	3273.046875	828	0			420
JAGUAS253_20121114_230107.wav	308	Spectrogram 1	1	Diasporus gularis	442.6162358276644	442.9877551020408	2734.716796875	3316.11328125	836	0			420
JAGUAS253_20121114_230107.wav	309	Spectrogram 1	1	Diasporus gularis	445.51873015873014	445.8438095238095	2842.3828125	3316.11328125	845	0			420
JAGUAS253_20121114_230107.wav	310	Spectrogram 1	1	Diasporus gularis	450.278820861678	450.62712018140587	2820.849609375	3316.11328125	853	0			420
JAGUAS253_20121114_234107.wav	311	Spectrogram 1	1	Diasporus gularis	481.4396371882086	481.88081632653063	2799.31640625	3316.11328125	920	0			480
JAGUAS253_20121114_234107.wav	312	Spectrogram 1	1	Diasporus gularis	484.33052154195013	484.6672108843537	2820.849609375	3359.1796875	926	0			480
JAGUAS253_20121114_234107.wav	313	Spectrogram 1	1	Diasporus gularis	486.9427664399093	487.36072562358277	2756.25	3316.11328125	932	0			480
JAGUAS253_20121114_234107.wav	314	Spectrogram 1	1	Diasporus gularis	489.91492063492063	490.2516099773243	2842.3828125	3337.646484375	941	1			480
JAGUAS253_20121114_234107.wav	315	Spectrogram 1	1	Diasporus gularis	493.5372335600907	493.99002267573695	2756.25	3337.646484375	956	0			480
JAGUAS253_20121114_234107.wav	316	Spectrogram 1	1	Diasporus gularis	496.31201814058954	496.70675736961454	2734.716796875	3316.11328125	968	0			480
JAGUAS253_20121114_234107.wav	317	Spectrogram 1	1	Diasporus gularis	499.23773242630386	499.60925170068026	2820.849609375	3316.11328125	979	0			480
JAGUAS253_20121114_234107.wav	318	Spectrogram 1	1	Diasporus gularis	502.41886621315194	502.82521541950115	2777.783203125	3316.11328125	995	0			480
JAGUAS253_20121114_234107.wav	319	Spectrogram 1	1	Diasporus gularis	505.95990929705215	506.31981859410433	2820.849609375	3337.646484375	998	0			480
JAGUAS253_20121114_234107.wav	320	Spectrogram 1	1	Diasporus gularis	508.5721541950113	508.8972335600907	2842.3828125	3337.646484375	1001	0			480
JAGUAS253_20121114_234107.wav	321	Spectrogram 1	1	Diasporus gularis	512.0319274376417	512.3453968253968	2820.849609375	3359.1796875	1004	0			480
JAGUAS253_20121114_234107.wav	322	Spectrogram 1	1	Diasporus gularis	514.1449433106576	514.3307029478458	2906.982421875	3186.9140625	1008	0			480
JAGUAS253_20121114_234107.wav	323	Spectrogram 1	1	Diasporus gularis	515.398820861678	515.7819501133787	2734.716796875	3294.580078125	1011	0			480
JAGUAS253_20121114_234107.wav	324	Spectrogram 1	1	Diasporus gularis	518.04589569161	518.4058049886621	2820.849609375	3316.11328125	1017	0			480
JAGUAS253_20121114_234107.wav	325	Spectrogram 1	1	Diasporus gularis	521.8771882086168	522.2138775510205	2863.916015625	3316.11328125	1024	0			480
JAGUAS253_20121114_234107.wav	326	Spectrogram 1	1	Diasporus gularis	524.5939229024943	524.9190022675737	2842.3828125	3316.11328125	1037	0			480
JAGUAS253_20121114_234107.wav	327	Spectrogram 1	1	Diasporus gularis	526.78820861678	526.962358276644	2906.982421875	3208.447265625	1043	0			480
JAGUAS253_20121114_234107.wav	328	Spectrogram 1	1	Diasporus gularis	529.0173242630385	529.3772335600906	2799.31640625	3316.11328125	1049	1			480
JAGUAS253_20121114_234107.wav	329	Spectrogram 1	1	Diasporus gularis	532.035918367347	532.3842176870749	2820.849609375	3337.646484375	1053	0			480
