Selection	View	Channel	Begin Time (s)	End Time (s)	Low Freq (Hz)	High Freq (Hz)
1	Spectrogram 1	1	0.010666666666666666	1.9413333333333334	8765.625	13101.5625
2	Spectrogram 1	1	0.010666666666666666	0.544	3421.875	5390.625
3	Spectrogram 1	1	0.288	0.512	8085.9375	8953.125
4	Spectrogram 1	1	0.864	1.3866666666666667	3585.9375	5226.5625
5	Spectrogram 1	1	0.9173333333333333	1.1946666666666668	8320.3125	9304.6875
6	Spectrogram 1	1	1.5253333333333334	1.76	4054.6875	5039.0625
7	Spectrogram 1	1	1.6853333333333333	1.8986666666666667	12656.25	13125.0
8	Spectrogram 1	1	2.7093333333333334	3.3173333333333335	10195.3125	12210.9375
9	Spectrogram 1	1	2.7093333333333334	3.264	3398.4375	5484.375
10	Spectrogram 1	1	2.752	3.2426666666666666	8062.5	9398.4375
11	Spectrogram 1	1	2.7946666666666666	3.072	9585.9375	9960.9375
12	Spectrogram 1	1	2.997333333333333	3.264	12679.6875	13289.0625
13	Spectrogram 1	1	3.6266666666666665	3.872	3867.1875	4546.875
14	Spectrogram 1	1	3.6373333333333333	3.904	9890.625	12445.3125
15	Spectrogram 1	1	3.7013333333333334	3.84	8132.8125	8625.0
16	Spectrogram 1	1	4.245333333333333	4.864	11132.8125	12281.25
17	Spectrogram 1	1	4.266666666666667	4.778666666666667	3539.0625	5296.875
18	Spectrogram 1	1	4.373333333333333	4.490666666666667	10453.125	11015.625
19	Spectrogram 1	1	5.408	6.666666666666667	3632.8125	5390.625
20	Spectrogram 1	1	5.589333333333333	5.802666666666667	10992.1875	12140.625
21	Spectrogram 1	1	5.642666666666667	5.76	9562.5	10031.25
22	Spectrogram 1	1	5.8133333333333335	6.112	8273.4375	9210.9375
23	Spectrogram 1	1	5.8773333333333335	6.549333333333333	9960.9375	12375.0
24	Spectrogram 1	1	5.888	6.048	16546.875	17132.8125
25	Spectrogram 1	1	5.888	6.112	12656.25	13312.5
26	Spectrogram 1	1	6.272	6.410666666666667	9843.75	10664.0625
27	Spectrogram 1	1	7.349333333333333	8.106666666666667	11109.375	12234.375
28	Spectrogram 1	1	7.733333333333333	8.128	8250.0	9328.125
29	Spectrogram 1	1	7.8933333333333335	8.064	12750.0	13195.3125
30	Spectrogram 1	1	8.917333333333334	9.376	3843.75	5015.625
31	Spectrogram 1	1	9.002666666666666	9.397333333333334	10734.375	12445.3125
32	Spectrogram 1	1	9.184	9.354666666666667	8132.8125	8578.125
33	Spectrogram 1	1	9.76	10.005333333333333	11390.625	12140.625
34	Spectrogram 1	1	9.802666666666667	10.688	3585.9375	5109.375
35	Spectrogram 1	1	9.952	10.229333333333333	8273.4375	9117.1875
36	Spectrogram 1	1	10.026666666666667	10.208	12609.375	13101.5625
37	Spectrogram 1	1	10.229333333333333	10.688	11296.875	12210.9375
38	Spectrogram 1	1	10.496	10.634666666666666	8226.5625	8812.5
39	Spectrogram 1	1	11.530666666666667	11.690666666666667	7945.3125	8976.5625
40	Spectrogram 1	1	11.541333333333334	11.989333333333333	11273.4375	12304.6875
41	Spectrogram 1	1	11.541333333333334	12.288	3468.75	4968.75
42	Spectrogram 1	1	11.882666666666667	12.16	8203.125	9140.625
43	Spectrogram 1	1	11.978666666666667	12.149333333333333	12656.25	13171.875
44	Spectrogram 1	1	12.0	12.138666666666667	16546.875	17226.5625
45	Spectrogram 1	1	12.842666666666666	13.024	4125.0	4617.1875
46	Spectrogram 1	1	13.418666666666667	14.026666666666667	3539.0625	5343.75
47	Spectrogram 1	1	13.461333333333334	13.994666666666667	10664.0625	12351.5625
48	Spectrogram 1	1	13.813333333333333	13.984	7992.1875	8976.5625
49	Spectrogram 1	1	14.314666666666668	14.421333333333333	11578.125	12093.75
50	Spectrogram 1	1	14.346666666666666	14.677333333333333	4054.6875	4875.0
51	Spectrogram 1	1	14.368	14.645333333333333	8273.4375	9046.875
52	Spectrogram 1	1	14.901333333333334	15.168	4125.0	5273.4375
53	Spectrogram 1	1	15.392	15.84	3421.875	4828.125
54	Spectrogram 1	1	15.413333333333334	15.744	11203.125	12281.25
55	Spectrogram 1	1	15.456	15.818666666666667	8414.0625	8976.5625
56	Spectrogram 1	1	15.978666666666667	16.394666666666666	12679.6875	13171.875
57	Spectrogram 1	1	16.117333333333335	16.448	8250.0	9070.3125
58	Spectrogram 1	1	16.117333333333335	16.597333333333335	3726.5625	5132.8125
59	Spectrogram 1	1	16.266666666666666	16.458666666666666	11296.875	11976.5625
60	Spectrogram 1	1	16.72533333333333	16.896	7921.875	8578.125
61	Spectrogram 1	1	16.72533333333333	17.130666666666666	3632.8125	4687.5
62	Spectrogram 1	1	16.746666666666666	17.12	11179.6875	12398.4375
63	Spectrogram 1	1	17.408	18.08	3492.1875	5132.8125
64	Spectrogram 1	1	17.76	18.112	11250.0	12046.875
65	Spectrogram 1	1	18.176	18.325333333333333	4031.25	4570.3125
66	Spectrogram 1	1	18.581333333333333	18.88	8250.0	9281.25
67	Spectrogram 1	1	18.602666666666668	18.901333333333334	4078.125	5062.5
68	Spectrogram 1	1	18.666666666666668	18.816	16523.4375	16875.0
69	Spectrogram 1	1	18.709333333333333	18.88	12703.125	13312.5
70	Spectrogram 1	1	19.082666666666668	19.616	3562.5	4898.4375
71	Spectrogram 1	1	19.2	19.52	8039.0625	9000.0
72	Spectrogram 1	1	19.253333333333334	19.562666666666665	10945.3125	12445.3125
73	Spectrogram 1	1	19.30666666666667	19.509333333333334	5109.375	5671.875
74	Spectrogram 1	1	19.744	21.226666666666667	3421.875	5273.4375
75	Spectrogram 1	1	19.861333333333334	20.085333333333335	11484.375	12210.9375
76	Spectrogram 1	1	20.16	20.394666666666666	11390.625	12046.875
77	Spectrogram 1	1	20.448	20.682666666666666	11601.5625	12257.8125
78	Spectrogram 1	1	20.88533333333333	21.216	8250.0	9093.75
79	Spectrogram 1	1	21.024	21.333333333333332	12632.8125	13242.1875
80	Spectrogram 1	1	21.536	21.973333333333333	3632.8125	4968.75
81	Spectrogram 1	1	22.250666666666667	22.432	8015.625	8953.125
82	Spectrogram 1	1	22.272	22.624	3890.625	4710.9375
83	Spectrogram 1	1	22.293333333333333	22.485333333333333	4992.1875	5414.0625
84	Spectrogram 1	1	22.314666666666668	22.496	11273.4375	12398.4375
85	Spectrogram 1	1	22.848	23.445333333333334	3515.625	5437.5
86	Spectrogram 1	1	22.890666666666668	23.27466666666667	10968.75	12257.8125
87	Spectrogram 1	1	22.976	23.296	8226.5625	9046.875
88	Spectrogram 1	1	23.157333333333334	23.296	12773.4375	13125.0
89	Spectrogram 1	1	23.765333333333334	23.968	4171.875	5039.0625
90	Spectrogram 1	1	24.458666666666666	25.269333333333332	3445.3125	5625.0
91	Spectrogram 1	1	24.629333333333335	25.28	9656.25	12375.0
92	Spectrogram 1	1	24.874666666666666	25.077333333333332	16500.0	17203.125
93	Spectrogram 1	1	24.917333333333332	25.130666666666666	12656.25	13289.0625
94	Spectrogram 1	1	26.336	26.656	3609.375	5062.5
95	Spectrogram 1	1	26.453333333333333	26.656	11601.5625	12257.8125
96	Spectrogram 1	1	26.709333333333333	27.328	3726.5625	4875.0
97	Spectrogram 1	1	26.72	27.285333333333334	8226.5625	9398.4375
98	Spectrogram 1	1	27.050666666666668	27.253333333333334	9609.375	11226.5625
99	Spectrogram 1	1	27.093333333333334	27.285333333333334	12703.125	13640.625
100	Spectrogram 1	1	27.125333333333334	27.232	11437.5	12070.3125
101	Spectrogram 1	1	27.541333333333334	27.925333333333334	11367.1875	12281.25
102	Spectrogram 1	1	27.584	27.872	3750.0	5109.375
103	Spectrogram 1	1	28.661333333333335	29.216	3585.9375	5367.1875
104	Spectrogram 1	1	28.842666666666666	29.045333333333332	11320.3125	12140.625
105	Spectrogram 1	1	29.12	29.301333333333332	10101.5625	12070.3125
106	Spectrogram 1	1	29.536	30.08	3445.3125	4781.25
107	Spectrogram 1	1	29.557333333333332	30.037333333333333	11390.625	12375.0
108	Spectrogram 1	1	29.76	30.069333333333333	9562.5	11273.4375
109	Spectrogram 1	1	29.802666666666667	30.005333333333333	8062.5	9093.75
110	Spectrogram 1	1	30.112	30.282666666666668	11835.9375	12328.125
111	Spectrogram 1	1	30.144	30.538666666666668	3773.4375	5437.5
112	Spectrogram 1	1	30.336	30.485333333333333	8507.8125	9000.0
113	Spectrogram 1	1	30.389333333333333	30.666666666666668	11250.0	12093.75
114	Spectrogram 1	1	30.933333333333334	31.168	3492.1875	5625.0
115	Spectrogram 1	1	31.36	31.594666666666665	8296.875	9328.125
116	Spectrogram 1	1	31.370666666666665	32.14933333333333	3796.875	5085.9375
117	Spectrogram 1	1	31.456	31.765333333333334	12820.3125	13218.75
118	Spectrogram 1	1	31.989333333333335	32.16	11507.8125	12187.5
119	Spectrogram 1	1	32.64	32.757333333333335	10664.0625	11109.375
120	Spectrogram 1	1	32.64	32.768	8109.375	8601.5625
121	Spectrogram 1	1	32.650666666666666	32.778666666666666	3843.75	4546.875
122	Spectrogram 1	1	32.66133333333333	32.78933333333333	11414.0625	12164.0625
123	Spectrogram 1	1	32.928	33.312	4148.4375	5203.125
124	Spectrogram 1	1	33.41866666666667	33.93066666666667	3703.125	5601.5625
125	Spectrogram 1	1	33.42933333333333	33.61066666666667	11390.625	12093.75
126	Spectrogram 1	1	34.304	34.656	4125.0	5015.625
127	Spectrogram 1	1	35.008	35.2	9773.4375	12398.4375
128	Spectrogram 1	1	35.008	35.328	3750.0	4734.375
129	Spectrogram 1	1	35.40266666666667	35.669333333333334	4101.5625	5039.0625
130	Spectrogram 1	1	35.434666666666665	35.63733333333333	8343.75	9046.875
131	Spectrogram 1	1	35.488	35.626666666666665	12703.125	13218.75
132	Spectrogram 1	1	35.776	35.989333333333335	3750.0	5179.6875
133	Spectrogram 1	1	35.797333333333334	35.989333333333335	10968.75	12140.625
134	Spectrogram 1	1	36.437333333333335	36.64	4101.5625	5273.4375
135	Spectrogram 1	1	36.458666666666666	36.586666666666666	8367.1875	8882.8125
136	Spectrogram 1	1	36.74666666666667	37.376	3421.875	5601.5625
137	Spectrogram 1	1	36.864	37.013333333333335	8132.8125	8953.125
138	Spectrogram 1	1	37.04533333333333	37.35466666666667	10898.4375	12445.3125
139	Spectrogram 1	1	37.17333333333333	37.312	9867.1875	10476.5625
140	Spectrogram 1	1	37.184	37.333333333333336	8109.375	8531.25
141	Spectrogram 1	1	37.898666666666664	38.101333333333336	11296.875	12093.75
142	Spectrogram 1	1	37.898666666666664	38.101333333333336	3773.4375	4476.5625
143	Spectrogram 1	1	38.54933333333334	39.093333333333334	3468.75	5578.125
144	Spectrogram 1	1	38.72	39.050666666666665	11250.0	12140.625
145	Spectrogram 1	1	39.95733333333333	40.096	8062.5	8601.5625
146	Spectrogram 1	1	39.968	40.256	3914.0625	4687.5
147	Spectrogram 1	1	39.97866666666667	40.138666666666666	11320.3125	12398.4375
148	Spectrogram 1	1	40.288	40.61866666666667	3703.125	5296.875
149	Spectrogram 1	1	41.45066666666666	41.73866666666667	3421.875	5601.5625
150	Spectrogram 1	1	41.909333333333336	42.368	10945.3125	12585.9375
151	Spectrogram 1	1	41.99466666666667	42.44266666666667	3515.625	4734.375
152	Spectrogram 1	1	42.016	42.165333333333336	8039.0625	8507.8125
153	Spectrogram 1	1	42.08	42.45333333333333	8437.5	9093.75
154	Spectrogram 1	1	42.752	42.944	11367.1875	11953.125
155	Spectrogram 1	1	43.46666666666667	43.690666666666665	3539.0625	5578.125
156	Spectrogram 1	1	43.818666666666665	43.97866666666667	4171.875	5273.4375
157	Spectrogram 1	1	45.04533333333333	45.42933333333333	3468.75	4546.875
158	Spectrogram 1	1	45.077333333333335	45.25866666666667	11390.625	12187.5
159	Spectrogram 1	1	45.504	45.984	3562.5	5601.5625
160	Spectrogram 1	1	45.54666666666667	45.898666666666664	11296.875	12140.625
161	Spectrogram 1	1	45.70666666666666	45.834666666666664	9210.9375	9960.9375
162	Spectrogram 1	1	45.717333333333336	45.845333333333336	10218.75	10851.5625
163	Spectrogram 1	1	46.42133333333334	46.64533333333333	8085.9375	9023.4375
164	Spectrogram 1	1	46.496	46.67733333333333	3750.0	4734.375
165	Spectrogram 1	1	46.50666666666667	46.64533333333333	5039.0625	5414.0625
166	Spectrogram 1	1	46.51733333333333	46.666666666666664	11343.75	12562.5
167	Spectrogram 1	1	46.816	46.986666666666665	3796.875	4546.875
168	Spectrogram 1	1	47.104	47.52	11132.8125	12023.4375
169	Spectrogram 1	1	47.104	47.488	3656.25	4078.125
170	Spectrogram 1	1	47.136	47.36	4195.3125	4546.875
171	Spectrogram 1	1	47.63733333333333	48.181333333333335	3468.75	5648.4375
172	Spectrogram 1	1	47.733333333333334	48.544	10242.1875	12210.9375
173	Spectrogram 1	1	47.808	48.010666666666665	9562.5	9984.375
174	Spectrogram 1	1	48.565333333333335	48.736	4195.3125	4546.875
175	Spectrogram 1	1	48.87466666666667	49.30133333333333	3632.8125	4640.625
176	Spectrogram 1	1	48.906666666666666	49.344	11109.375	12140.625
177	Spectrogram 1	1	49.184	51.31733333333333	9773.4375	12421.875
178	Spectrogram 1	1	49.205333333333336	49.32266666666667	9164.0625	9632.8125
179	Spectrogram 1	1	49.216	49.333333333333336	8578.125	9000.0
180	Spectrogram 1	1	49.536	49.781333333333336	12890.625	13195.3125
181	Spectrogram 1	1	49.77066666666666	49.952	3820.3125	4500.0
182	Spectrogram 1	1	49.834666666666664	49.952	8039.0625	9023.4375
183	Spectrogram 1	1	50.218666666666664	50.56	3632.8125	4546.875
184	Spectrogram 1	1	50.83733333333333	51.306666666666665	3492.1875	5695.3125
185	Spectrogram 1	1	52.117333333333335	52.23466666666667	3820.3125	4570.3125
186	Spectrogram 1	1	52.576	52.885333333333335	3562.5	4007.8125
187	Spectrogram 1	1	52.72533333333333	52.906666666666666	11320.3125	11882.8125
188	Spectrogram 1	1	53.32266666666667	53.41866666666667	4734.375	6046.875
189	Spectrogram 1	1	53.472	53.80266666666667	3609.375	4500.0
190	Spectrogram 1	1	53.54666666666667	53.80266666666667	11390.625	12164.0625
191	Spectrogram 1	1	54.037333333333336	54.282666666666664	3585.9375	5648.4375
192	Spectrogram 1	1	54.090666666666664	54.282666666666664	11578.125	12164.0625
193	Spectrogram 1	1	54.38933333333333	54.74133333333333	3656.25	5625.0
194	Spectrogram 1	1	54.48533333333334	54.752	11156.25	12000.0
195	Spectrogram 1	1	54.54933333333334	54.688	8179.6875	8976.5625
196	Spectrogram 1	1	55.65866666666667	56.501333333333335	3515.625	5648.4375
197	Spectrogram 1	1	55.72266666666667	56.064	11085.9375	12117.1875
198	Spectrogram 1	1	55.91466666666667	56.010666666666665	10312.5	10875.0
199	Spectrogram 1	1	56.34133333333333	56.522666666666666	11367.1875	12046.875
200	Spectrogram 1	1	57.653333333333336	58.282666666666664	10851.5625	12375.0
201	Spectrogram 1	1	57.73866666666667	58.272	3515.625	5625.0
202	Spectrogram 1	1	57.781333333333336	57.99466666666667	8132.8125	9023.4375
203	Spectrogram 1	1	58.944	59.27466666666667	3539.0625	5648.4375
204	Spectrogram 1	1	59.06133333333333	59.2	9609.375	10218.75
205	Spectrogram 1	1	59.46666666666667	59.63733333333333	11343.75	11906.25
