Selection	View	Channel	Begin Time (s)	End Time (s)	Low Freq (Hz)	High Freq (Hz)
1	Spectrogram 1	1	0.010666666666666666	0.18133333333333335	6375.0	6726.5625
2	Spectrogram 1	1	0.21333333333333335	0.43733333333333335	1406.25	1945.3125
3	Spectrogram 1	1	0.5226666666666666	0.7786666666666666	5625.0	6164.0625
4	Spectrogram 1	1	0.5546666666666666	0.832	3164.0625	3562.5
5	Spectrogram 1	1	0.6186666666666667	0.8533333333333334	1382.8125	1851.5625
6	Spectrogram 1	1	1.0346666666666666	1.4293333333333333	1406.25	1992.1875
7	Spectrogram 1	1	1.3226666666666667	1.568	3890.625	4406.25
8	Spectrogram 1	1	1.4933333333333334	1.6853333333333333	1382.8125	1875.0
9	Spectrogram 1	1	1.5573333333333332	1.6533333333333333	585.9375	1218.75
10	Spectrogram 1	1	1.952	2.3573333333333335	3187.5	4007.8125
11	Spectrogram 1	1	1.9946666666666666	2.1973333333333334	5437.5	6234.375
12	Spectrogram 1	1	2.037333333333333	2.176	4171.875	4570.3125
13	Spectrogram 1	1	2.272	2.8906666666666667	5531.25	6328.125
14	Spectrogram 1	1	2.3253333333333335	2.6133333333333333	1382.8125	1851.5625
15	Spectrogram 1	1	2.6986666666666665	2.816	3914.0625	4500.0
16	Spectrogram 1	1	2.752	2.986666666666667	820.3125	1945.3125
17	Spectrogram 1	1	3.1786666666666665	3.3813333333333335	1406.25	1875.0
18	Spectrogram 1	1	3.392	3.7866666666666666	3164.0625	4593.75
19	Spectrogram 1	1	3.4026666666666667	3.744	5132.8125	6328.125
20	Spectrogram 1	1	3.584	3.8506666666666667	1382.8125	1921.875
21	Spectrogram 1	1	4.010666666666666	4.234666666666667	1382.8125	1945.3125
22	Spectrogram 1	1	4.330666666666667	4.469333333333333	5695.3125	6210.9375
23	Spectrogram 1	1	4.416	4.672	820.3125	1875.0
24	Spectrogram 1	1	4.586666666666667	4.928	3210.9375	4570.3125
25	Spectrogram 1	1	4.618666666666667	4.8533333333333335	5414.0625	6117.1875
26	Spectrogram 1	1	4.693333333333333	4.896	6328.125	6656.25
27	Spectrogram 1	1	4.832	5.088	843.75	1945.3125
28	Spectrogram 1	1	5.1306666666666665	6.08	5460.9375	6656.25
29	Spectrogram 1	1	5.258666666666667	5.493333333333333	703.125	2015.625
30	Spectrogram 1	1	5.642666666666667	5.92	750.0	1875.0
31	Spectrogram 1	1	6.005333333333334	6.602666666666667	3210.9375	4640.625
32	Spectrogram 1	1	6.0906666666666665	6.325333333333333	890.625	1851.5625
33	Spectrogram 1	1	6.357333333333333	6.634666666666667	5226.5625	6632.8125
34	Spectrogram 1	1	6.528	6.8053333333333335	656.25	1945.3125
35	Spectrogram 1	1	6.965333333333334	7.232	585.9375	1968.75
36	Spectrogram 1	1	7.466666666666667	7.669333333333333	421.875	1218.75
37	Spectrogram 1	1	7.872	8.117333333333333	421.875	1992.1875
38	Spectrogram 1	1	7.968	8.416	3187.5	4640.625
39	Spectrogram 1	1	8.010666666666667	8.394666666666666	5062.5	6140.625
40	Spectrogram 1	1	8.288	8.501333333333333	796.875	1968.75
41	Spectrogram 1	1	8.682666666666666	8.917333333333334	585.9375	1968.75
42	Spectrogram 1	1	9.056	9.44	3164.0625	4640.625
43	Spectrogram 1	1	9.056	9.834666666666667	164.0625	2015.625
44	Spectrogram 1	1	9.066666666666666	9.376	5296.875	6117.1875
45	Spectrogram 1	1	9.866666666666667	10.272	656.25	1968.75
46	Spectrogram 1	1	10.069333333333333	10.293333333333333	6328.125	6656.25
47	Spectrogram 1	1	10.24	10.538666666666666	5203.125	6164.0625
48	Spectrogram 1	1	10.250666666666667	10.741333333333333	3234.375	4617.1875
49	Spectrogram 1	1	10.410666666666666	10.645333333333333	632.8125	1945.3125
50	Spectrogram 1	1	10.528	10.698666666666666	6304.6875	6679.6875
51	Spectrogram 1	1	10.869333333333334	11.093333333333334	1382.8125	1945.3125
52	Spectrogram 1	1	10.912	11.125333333333334	6257.8125	6820.3125
53	Spectrogram 1	1	10.912	11.04	773.4375	1218.75
54	Spectrogram 1	1	11.754666666666667	12.064	3703.125	4664.0625
55	Spectrogram 1	1	11.936	12.117333333333333	1406.25	1898.4375
56	Spectrogram 1	1	11.968	12.096	585.9375	1195.3125
57	Spectrogram 1	1	12.352	12.565333333333333	1382.8125	1828.125
58	Spectrogram 1	1	12.490666666666666	12.704	12210.9375	12726.5625
59	Spectrogram 1	1	12.768	12.96	1382.8125	1851.5625
60	Spectrogram 1	1	12.938666666666666	13.312	3187.5	4640.625
61	Spectrogram 1	1	12.970666666666666	13.162666666666667	11343.75	11695.3125
62	Spectrogram 1	1	13.024	13.312	5109.375	6843.75
63	Spectrogram 1	1	13.546666666666667	13.802666666666667	6000.0	6867.1875
64	Spectrogram 1	1	13.589333333333334	14.005333333333333	12492.1875	12867.1875
65	Spectrogram 1	1	13.621333333333334	13.856	1406.25	1945.3125
66	Spectrogram 1	1	13.962666666666667	14.464	3187.5	4640.625
67	Spectrogram 1	1	14.016	14.421333333333333	257.8125	1992.1875
68	Spectrogram 1	1	14.037333333333333	14.368	4898.4375	6914.0625
69	Spectrogram 1	1	14.08	14.496	12375.0	12820.3125
70	Spectrogram 1	1	14.357333333333333	14.602666666666666	11320.3125	11742.1875
71	Spectrogram 1	1	14.528	14.965333333333334	5671.875	6890.625
72	Spectrogram 1	1	14.613333333333333	14.922666666666666	1242.1875	1945.3125
73	Spectrogram 1	1	14.645333333333333	14.922666666666666	8648.4375	9609.375
74	Spectrogram 1	1	14.709333333333333	14.986666666666666	12398.4375	12867.1875
75	Spectrogram 1	1	14.773333333333333	15.296	11203.125	11765.625
76	Spectrogram 1	1	14.848	15.488	164.0625	1992.1875
77	Spectrogram 1	1	15.061333333333334	15.541333333333334	3140.625	4921.875
78	Spectrogram 1	1	15.2	15.733333333333333	12328.125	12726.5625
79	Spectrogram 1	1	15.221333333333334	15.552	5414.0625	6843.75
80	Spectrogram 1	1	15.744	16.149333333333335	6187.5	6867.1875
81	Spectrogram 1	1	15.925333333333333	16.448	93.75	703.125
82	Spectrogram 1	1	15.946666666666667	16.448	1031.25	2273.4375
83	Spectrogram 1	1	15.978666666666667	16.170666666666666	12328.125	12750.0
84	Spectrogram 1	1	16.096	16.213333333333335	9140.625	9585.9375
85	Spectrogram 1	1	16.245333333333335	16.746666666666666	5929.6875	6867.1875
86	Spectrogram 1	1	16.266666666666666	16.426666666666666	11390.625	11789.0625
87	Spectrogram 1	1	16.554666666666666	17.28	93.75	2132.8125
88	Spectrogram 1	1	16.682666666666666	17.194666666666667	12281.25	12867.1875
89	Spectrogram 1	1	16.736	16.992	10687.5	11203.125
90	Spectrogram 1	1	16.746666666666666	17.152	3164.0625	4617.1875
91	Spectrogram 1	1	16.85333333333333	17.333333333333332	5460.9375	6867.1875
92	Spectrogram 1	1	17.034666666666666	17.429333333333332	1054.6875	1500.0
93	Spectrogram 1	1	17.354666666666667	17.578666666666667	187.5	515.625
94	Spectrogram 1	1	17.418666666666667	17.610666666666667	10898.4375	11742.1875
95	Spectrogram 1	1	17.429333333333332	18.24	5601.5625	6890.625
96	Spectrogram 1	1	17.834666666666667	18.101333333333333	12351.5625	12796.875
97	Spectrogram 1	1	17.973333333333333	18.432	3187.5	4617.1875
98	Spectrogram 1	1	18.133333333333333	18.421333333333333	5156.25	6140.625
99	Spectrogram 1	1	18.485333333333333	18.762666666666668	6140.625	6867.1875
100	Spectrogram 1	1	18.72	19.04	12328.125	12773.4375
101	Spectrogram 1	1	19.018666666666668	19.296	6070.3125	6867.1875
102	Spectrogram 1	1	19.157333333333334	19.573333333333334	3164.0625	4710.9375
103	Spectrogram 1	1	19.2	19.52	12398.4375	12843.75
104	Spectrogram 1	1	19.232	19.872	5062.5	6867.1875
105	Spectrogram 1	1	19.285333333333334	19.562666666666665	257.8125	2179.6875
106	Spectrogram 1	1	20.170666666666666	20.352	6164.0625	6843.75
107	Spectrogram 1	1	20.352	20.69333333333333	3117.1875	3632.8125
108	Spectrogram 1	1	20.597333333333335	20.874666666666666	6117.1875	6867.1875
109	Spectrogram 1	1	20.8	20.938666666666666	1382.8125	1828.125
110	Spectrogram 1	1	21.152	21.386666666666667	6117.1875	6843.75
111	Spectrogram 1	1	21.344	21.472	1406.25	1804.6875
112	Spectrogram 1	1	21.429333333333332	21.984	5156.25	6843.75
113	Spectrogram 1	1	21.450666666666667	21.973333333333333	3375.0	4570.3125
114	Spectrogram 1	1	21.493333333333332	21.632	4195.3125	4617.1875
115	Spectrogram 1	1	21.845333333333333	22.016	937.5	1851.5625
116	Spectrogram 1	1	22.250666666666667	22.496	6117.1875	6820.3125
117	Spectrogram 1	1	22.485333333333333	22.634666666666668	843.75	1875.0
118	Spectrogram 1	1	22.517333333333333	22.922666666666668	3140.625	4617.1875
119	Spectrogram 1	1	22.602666666666668	23.17866666666667	5390.625	6820.3125
120	Spectrogram 1	1	23.605333333333334	24.16	2718.75	4687.5
121	Spectrogram 1	1	23.861333333333334	24.149333333333335	5156.25	6820.3125
122	Spectrogram 1	1	24.448	24.672	6164.0625	6820.3125
123	Spectrogram 1	1	24.88533333333333	25.269333333333332	5203.125	6843.75
124	Spectrogram 1	1	24.896	25.290666666666667	3140.625	4617.1875
125	Spectrogram 1	1	25.493333333333332	25.728	6117.1875	6820.3125
126	Spectrogram 1	1	26.016	26.293333333333333	5695.3125	6843.75
127	Spectrogram 1	1	26.549333333333333	26.88	5414.0625	6843.75
128	Spectrogram 1	1	26.549333333333333	26.933333333333334	3140.625	4617.1875
129	Spectrogram 1	1	27.189333333333334	27.296	6281.25	6750.0
130	Spectrogram 1	1	27.594666666666665	27.872	6093.75	6843.75
131	Spectrogram 1	1	28.021333333333335	28.512	3187.5	5250.0
132	Spectrogram 1	1	28.064	28.234666666666666	1382.8125	1828.125
133	Spectrogram 1	1	28.138666666666666	28.48	5390.625	6820.3125
134	Spectrogram 1	1	28.533333333333335	28.736	937.5	1828.125
135	Spectrogram 1	1	28.69333333333333	28.842666666666666	5765.625	6796.875
136	Spectrogram 1	1	28.746666666666666	28.896	4148.4375	4593.75
137	Spectrogram 1	1	29.034666666666666	29.226666666666667	1359.375	1851.5625
138	Spectrogram 1	1	29.088	29.312	6140.625	6820.3125
139	Spectrogram 1	1	29.408	29.738666666666667	3164.0625	4593.75
140	Spectrogram 1	1	29.525333333333332	29.888	5367.1875	6843.75
141	Spectrogram 1	1	29.930666666666667	30.112	1101.5625	1781.25
142	Spectrogram 1	1	30.186666666666667	30.442666666666668	6023.4375	6984.375
143	Spectrogram 1	1	30.357333333333333	30.570666666666668	960.9375	1757.8125
144	Spectrogram 1	1	30.752	31.24266666666667	5390.625	7007.8125
145	Spectrogram 1	1	30.848	31.050666666666668	1171.875	1781.25
146	Spectrogram 1	1	30.890666666666668	31.392	2953.125	4640.625
147	Spectrogram 1	1	31.264	31.445333333333334	1195.3125	1804.6875
148	Spectrogram 1	1	31.30666666666667	31.552	6140.625	6820.3125
149	Spectrogram 1	1	31.818666666666665	32.010666666666665	914.0625	1875.0
150	Spectrogram 1	1	31.882666666666665	31.989333333333335	6234.375	6773.4375
151	Spectrogram 1	1	32.192	32.704	3023.4375	4593.75
152	Spectrogram 1	1	32.21333333333333	32.66133333333333	4875.0	6796.875
153	Spectrogram 1	1	32.832	33.088	6140.625	6820.3125
154	Spectrogram 1	1	32.992	33.16266666666667	1359.375	1828.125
155	Spectrogram 1	1	33.376	33.49333333333333	5414.0625	5929.6875
156	Spectrogram 1	1	33.38666666666666	33.68533333333333	6117.1875	6820.3125
157	Spectrogram 1	1	33.408	33.653333333333336	960.9375	1875.0
158	Spectrogram 1	1	33.87733333333333	34.090666666666664	937.5	1898.4375
159	Spectrogram 1	1	33.962666666666664	34.304	5226.5625	6796.875
160	Spectrogram 1	1	34.165333333333336	34.63466666666667	2953.125	5062.5
161	Spectrogram 1	1	34.31466666666667	34.528	890.625	1898.4375
162	Spectrogram 1	1	34.410666666666664	34.63466666666667	5414.0625	6046.875
163	Spectrogram 1	1	34.74133333333333	34.986666666666665	890.625	1968.75
164	Spectrogram 1	1	35.178666666666665	35.541333333333334	914.0625	1945.3125
165	Spectrogram 1	1	35.221333333333334	35.31733333333333	8789.0625	9562.5
166	Spectrogram 1	1	35.328	35.72266666666667	5250.0	6281.25
167	Spectrogram 1	1	35.392	35.712	3773.4375	4617.1875
168	Spectrogram 1	1	35.57333333333333	35.72266666666667	10710.9375	11132.8125
169	Spectrogram 1	1	35.59466666666667	35.97866666666667	3117.1875	3609.375
170	Spectrogram 1	1	35.616	35.85066666666667	1101.5625	1921.875
171	Spectrogram 1	1	36.064	36.34133333333333	1101.5625	1898.4375
172	Spectrogram 1	1	36.544	36.78933333333333	890.625	1898.4375
173	Spectrogram 1	1	36.970666666666666	37.35466666666667	3726.5625	4593.75
174	Spectrogram 1	1	36.992	37.19466666666667	5437.5	6093.75
175	Spectrogram 1	1	37.024	37.269333333333336	820.3125	1945.3125
176	Spectrogram 1	1	37.034666666666666	37.376	3070.3125	3632.8125
177	Spectrogram 1	1	37.41866666666667	37.696	1031.25	1898.4375
178	Spectrogram 1	1	37.472	37.792	12257.8125	12796.875
179	Spectrogram 1	1	37.834666666666664	38.12266666666667	890.625	2015.625
180	Spectrogram 1	1	38.016	38.50666666666667	3093.75	4031.25
181	Spectrogram 1	1	38.154666666666664	38.42133333333334	5460.9375	6304.6875
182	Spectrogram 1	1	38.29333333333334	38.57066666666667	937.5	1875.0
183	Spectrogram 1	1	38.688	38.986666666666665	914.0625	1921.875
184	Spectrogram 1	1	38.74133333333333	38.88	5695.3125	6281.25
185	Spectrogram 1	1	38.752	38.99733333333333	4101.5625	4453.125
186	Spectrogram 1	1	39.157333333333334	39.38133333333333	1148.4375	1921.875
187	Spectrogram 1	1	39.31733333333333	39.434666666666665	12257.8125	12750.0
188	Spectrogram 1	1	39.44533333333333	39.91466666666667	3117.1875	4617.1875
189	Spectrogram 1	1	39.50933333333333	39.733333333333334	5414.0625	6140.625
190	Spectrogram 1	1	39.52	39.82933333333333	914.0625	1898.4375
191	Spectrogram 1	1	39.989333333333335	40.245333333333335	1031.25	1898.4375
192	Spectrogram 1	1	40.202666666666666	40.309333333333335	11343.75	11835.9375
193	Spectrogram 1	1	40.373333333333335	41.536	632.8125	1992.1875
194	Spectrogram 1	1	40.544	40.970666666666666	3000.0	4664.0625
195	Spectrogram 1	1	40.608	40.970666666666666	5062.5	6234.375
196	Spectrogram 1	1	41.717333333333336	41.94133333333333	3187.5	3492.1875
197	Spectrogram 1	1	41.73866666666667	41.984	890.625	1945.3125
198	Spectrogram 1	1	41.781333333333336	42.06933333333333	3679.6875	6093.75
199	Spectrogram 1	1	42.154666666666664	42.42133333333334	914.0625	1921.875
200	Spectrogram 1	1	42.51733333333333	43.18933333333333	3046.875	4640.625
201	Spectrogram 1	1	42.538666666666664	43.242666666666665	117.1875	1945.3125
202	Spectrogram 1	1	42.816	42.944	9257.8125	9656.25
203	Spectrogram 1	1	42.82666666666667	43.178666666666665	5085.9375	6328.125
204	Spectrogram 1	1	43.424	43.648	1007.8125	1921.875
205	Spectrogram 1	1	43.861333333333334	44.08533333333333	843.75	1898.4375
206	Spectrogram 1	1	43.936	44.34133333333333	3046.875	4593.75
207	Spectrogram 1	1	43.989333333333335	44.330666666666666	5179.6875	6328.125
208	Spectrogram 1	1	44.266666666666666	45.35466666666667	140.625	1992.1875
209	Spectrogram 1	1	44.373333333333335	44.586666666666666	117.1875	445.3125
210	Spectrogram 1	1	44.970666666666666	45.62133333333333	2812.5	4617.1875
211	Spectrogram 1	1	45.30133333333333	45.64266666666666	4804.6875	6234.375
212	Spectrogram 1	1	45.49333333333333	45.86666666666667	609.375	1945.3125
213	Spectrogram 1	1	45.99466666666667	46.26133333333333	843.75	1968.75
214	Spectrogram 1	1	46.35733333333334	46.858666666666664	3000.0	4640.625
215	Spectrogram 1	1	46.48533333333334	46.730666666666664	867.1875	1945.3125
216	Spectrogram 1	1	46.50666666666667	46.730666666666664	5273.4375	6117.1875
217	Spectrogram 1	1	46.922666666666665	47.178666666666665	960.9375	1992.1875
218	Spectrogram 1	1	47.242666666666665	47.413333333333334	6375.0	6703.125
219	Spectrogram 1	1	47.33866666666667	47.584	1125.0	1921.875
220	Spectrogram 1	1	47.477333333333334	47.968	2976.5625	4617.1875
221	Spectrogram 1	1	47.712	48.02133333333333	867.1875	1992.1875
222	Spectrogram 1	1	48.16	48.46933333333333	843.75	1945.3125
223	Spectrogram 1	1	48.586666666666666	48.842666666666666	820.3125	1968.75
224	Spectrogram 1	1	48.736	49.06666666666667	5226.5625	6328.125
225	Spectrogram 1	1	48.778666666666666	49.06666666666667	3703.125	4640.625
226	Spectrogram 1	1	48.842666666666666	49.10933333333333	2976.5625	3515.625
227	Spectrogram 1	1	48.992	49.22666666666667	960.9375	1921.875
228	Spectrogram 1	1	49.44	49.67466666666667	750.0	1992.1875
229	Spectrogram 1	1	49.49333333333333	50.112	2906.25	4617.1875
230	Spectrogram 1	1	49.664	50.090666666666664	5554.6875	5976.5625
231	Spectrogram 1	1	49.728	49.909333333333336	6351.5625	6679.6875
232	Spectrogram 1	1	49.86666666666667	50.12266666666667	1148.4375	1875.0
233	Spectrogram 1	1	50.346666666666664	50.56	6445.3125	6773.4375
234	Spectrogram 1	1	50.50666666666667	50.70933333333333	1195.3125	1945.3125
235	Spectrogram 1	1	50.58133333333333	51.178666666666665	3070.3125	4640.625
236	Spectrogram 1	1	50.922666666666665	51.178666666666665	5320.3125	6679.6875
237	Spectrogram 1	1	50.922666666666665	51.25333333333333	843.75	2015.625
238	Spectrogram 1	1	51.33866666666667	52.04266666666667	93.75	1992.1875
239	Spectrogram 1	1	51.776	52.309333333333335	2976.5625	4640.625
240	Spectrogram 1	1	51.882666666666665	52.256	5226.5625	6281.25
241	Spectrogram 1	1	52.23466666666667	52.46933333333333	890.625	2015.625
242	Spectrogram 1	1	52.59733333333333	52.81066666666667	6421.875	6750.0
243	Spectrogram 1	1	52.66133333333333	52.87466666666667	1148.4375	1898.4375
244	Spectrogram 1	1	52.93866666666667	53.461333333333336	3093.75	4593.75
245	Spectrogram 1	1	53.00266666666667	53.568	117.1875	632.8125
246	Spectrogram 1	1	53.12	53.61066666666667	1125.0	2062.5
247	Spectrogram 1	1	53.184	53.408	6351.5625	6750.0
248	Spectrogram 1	1	53.792	53.99466666666667	6375.0	6796.875
249	Spectrogram 1	1	53.792	54.037333333333336	914.0625	1945.3125
250	Spectrogram 1	1	54.25066666666667	54.48533333333334	914.0625	1898.4375
251	Spectrogram 1	1	54.32533333333333	54.538666666666664	6304.6875	6750.0
252	Spectrogram 1	1	54.45333333333333	54.592	8601.5625	9070.3125
253	Spectrogram 1	1	54.666666666666664	55.157333333333334	2929.6875	4617.1875
254	Spectrogram 1	1	54.67733333333333	54.922666666666665	914.0625	1945.3125
255	Spectrogram 1	1	54.848	55.754666666666665	93.75	1898.4375
256	Spectrogram 1	1	54.858666666666664	55.06133333333333	5390.625	6070.3125
257	Spectrogram 1	1	54.90133333333333	55.114666666666665	6234.375	6679.6875
258	Spectrogram 1	1	55.498666666666665	55.669333333333334	6398.4375	6703.125
259	Spectrogram 1	1	55.712	56.245333333333335	2953.125	4664.0625
260	Spectrogram 1	1	55.91466666666667	56.138666666666666	5460.9375	6117.1875
261	Spectrogram 1	1	55.91466666666667	56.181333333333335	843.75	1968.75
262	Spectrogram 1	1	56.34133333333333	56.576	937.5	1968.75
263	Spectrogram 1	1	56.55466666666667	57.024	117.1875	468.75
264	Spectrogram 1	1	56.693333333333335	56.864	4804.6875	5109.375
265	Spectrogram 1	1	56.74666666666667	57.034666666666666	820.3125	2015.625
266	Spectrogram 1	1	56.757333333333335	56.896	2976.5625	3351.5625
267	Spectrogram 1	1	57.034666666666666	57.29066666666667	5437.5	6210.9375
268	Spectrogram 1	1	57.056	57.269333333333336	3750.0	4617.1875
269	Spectrogram 1	1	57.19466666666667	57.461333333333336	890.625	1921.875
270	Spectrogram 1	1	57.568	57.86666666666667	890.625	1968.75
271	Spectrogram 1	1	57.76	58.165333333333336	3187.5	3609.375
272	Spectrogram 1	1	57.962666666666664	58.31466666666667	914.0625	1921.875
273	Spectrogram 1	1	58.4	58.64533333333333	867.1875	1992.1875
274	Spectrogram 1	1	58.624	58.90133333333333	6421.875	6773.4375
275	Spectrogram 1	1	58.816	59.104	820.3125	1968.75
276	Spectrogram 1	1	58.976	59.38133333333333	3023.4375	3609.375
277	Spectrogram 1	1	59.221333333333334	59.488	1148.4375	1921.875
278	Spectrogram 1	1	59.605333333333334	59.861333333333334	773.4375	1992.1875
279	Spectrogram 1	1	59.882666666666665	59.989333333333335	5531.25	6210.9375
