Selection	View	Channel	Begin Time (s)	End Time (s)	Low Freq (Hz)	High Freq (Hz)
1	Spectrogram 1	1	0.05333333333333334	0.14933333333333335	2203.125	2742.1875
2	Spectrogram 1	1	0.23466666666666666	0.9066666666666666	1500.0	2718.75
3	Spectrogram 1	1	0.96	1.1306666666666667	3375.0	3679.6875
4	Spectrogram 1	1	0.992	1.28	16898.4375	17390.625
5	Spectrogram 1	1	1.1626666666666667	1.44	4125.0	5015.625
6	Spectrogram 1	1	1.28	1.5146666666666666	1617.1875	2742.1875
7	Spectrogram 1	1	1.2906666666666666	1.568	12867.1875	13406.25
8	Spectrogram 1	1	1.6533333333333333	1.8346666666666667	1546.875	2812.5
9	Spectrogram 1	1	1.6853333333333333	1.7813333333333334	9468.75	10171.875
10	Spectrogram 1	1	1.888	2.016	12867.1875	14250.0
11	Spectrogram 1	1	1.888	1.9946666666666666	11789.0625	12562.5
12	Spectrogram 1	1	1.888	2.005333333333333	9375.0	10007.8125
13	Spectrogram 1	1	1.9413333333333334	2.112	3351.5625	3703.125
14	Spectrogram 1	1	2.037333333333333	2.474666666666667	1406.25	2789.0625
15	Spectrogram 1	1	2.368	2.538666666666667	12398.4375	13148.4375
16	Spectrogram 1	1	2.3786666666666667	2.496	4054.6875	4828.125
17	Spectrogram 1	1	2.570666666666667	2.784	1476.5625	2648.4375
18	Spectrogram 1	1	2.688	2.965333333333333	9492.1875	11367.1875
19	Spectrogram 1	1	2.7306666666666666	2.9546666666666668	13195.3125	13828.125
20	Spectrogram 1	1	3.029333333333333	3.1786666666666665	11343.75	12210.9375
21	Spectrogram 1	1	3.050666666666667	3.1786666666666665	12445.3125	14367.1875
22	Spectrogram 1	1	3.050666666666667	3.1573333333333333	9304.6875	10335.9375
23	Spectrogram 1	1	3.3066666666666666	3.989333333333333	16898.4375	17601.5625
24	Spectrogram 1	1	3.6053333333333333	3.8293333333333335	1546.875	2835.9375
25	Spectrogram 1	1	3.904	4.032	12445.3125	13125.0
26	Spectrogram 1	1	4.042666666666666	4.181333333333333	1617.1875	2554.6875
27	Spectrogram 1	1	4.064	4.245333333333333	3351.5625	3890.625
28	Spectrogram 1	1	4.1386666666666665	4.309333333333333	4687.5	5953.125
29	Spectrogram 1	1	4.469333333333333	4.650666666666667	1500.0	2789.0625
30	Spectrogram 1	1	4.917333333333334	5.1946666666666665	4125.0	5015.625
31	Spectrogram 1	1	4.96	5.173333333333333	12421.875	13664.0625
32	Spectrogram 1	1	5.013333333333334	5.344	1546.875	2835.9375
33	Spectrogram 1	1	5.578666666666667	5.792	1453.125	2835.9375
34	Spectrogram 1	1	5.685333333333333	5.802666666666667	9445.3125	10312.5
35	Spectrogram 1	1	5.696	5.802666666666667	11695.3125	12187.5
36	Spectrogram 1	1	5.717333333333333	5.8133333333333335	13101.5625	13828.125
37	Spectrogram 1	1	5.952	6.176	1617.1875	2835.9375
38	Spectrogram 1	1	6.133333333333334	6.432	16757.8125	17625.0
39	Spectrogram 1	1	6.378666666666667	6.794666666666667	4054.6875	5789.0625
40	Spectrogram 1	1	6.4	6.538666666666667	12468.75	13546.875
41	Spectrogram 1	1	6.474666666666667	6.602666666666667	21093.75	21515.625
42	Spectrogram 1	1	6.602666666666667	6.933333333333334	1359.375	2859.375
43	Spectrogram 1	1	7.018666666666666	7.1786666666666665	3281.25	3703.125
44	Spectrogram 1	1	7.1146666666666665	7.296	1593.75	2625.0
45	Spectrogram 1	1	7.434666666666667	7.573333333333333	1757.8125	2812.5
46	Spectrogram 1	1	7.456	7.776	12328.125	13828.125
47	Spectrogram 1	1	7.509333333333333	7.690666666666667	4125.0	5015.625
48	Spectrogram 1	1	7.658666666666667	7.765333333333333	9421.875	10242.1875
49	Spectrogram 1	1	7.68	7.84	1523.4375	2742.1875
50	Spectrogram 1	1	7.872	7.968	9445.3125	10265.625
51	Spectrogram 1	1	7.882666666666666	8.106666666666667	13476.5625	14437.5
52	Spectrogram 1	1	7.978666666666666	8.181333333333333	3281.25	3914.0625
53	Spectrogram 1	1	8.010666666666667	8.213333333333333	1523.4375	2812.5
54	Spectrogram 1	1	8.394666666666666	8.554666666666666	1640.625	2718.75
55	Spectrogram 1	1	8.789333333333333	8.928	1921.875	2601.5625
56	Spectrogram 1	1	8.906666666666666	9.066666666666666	4500.0	4921.875
57	Spectrogram 1	1	9.045333333333334	9.696	16828.125	17671.875
58	Spectrogram 1	1	9.098666666666666	9.269333333333334	3304.6875	3703.125
59	Spectrogram 1	1	9.450666666666667	9.685333333333332	4804.6875	5460.9375
60	Spectrogram 1	1	9.472	9.6	1664.0625	2484.375
61	Spectrogram 1	1	9.728	10.005333333333333	17015.625	17484.375
62	Spectrogram 1	1	9.856	10.144	1546.875	2812.5
63	Spectrogram 1	1	9.973333333333333	10.165333333333333	3281.25	3656.25
64	Spectrogram 1	1	10.005333333333333	10.133333333333333	13851.5625	14250.0
65	Spectrogram 1	1	10.368	10.634666666666666	4500.0	5156.25
66	Spectrogram 1	1	10.410666666666666	10.666666666666666	12421.875	14109.375
67	Spectrogram 1	1	10.464	10.613333333333333	1804.6875	2812.5
68	Spectrogram 1	1	10.56	10.677333333333333	9515.625	10289.0625
69	Spectrogram 1	1	10.762666666666666	10.976	1500.0	2718.75
70	Spectrogram 1	1	10.773333333333333	10.869333333333334	13453.125	14085.9375
71	Spectrogram 1	1	10.794666666666666	11.114666666666666	9351.5625	11085.9375
72	Spectrogram 1	1	10.944	11.178666666666667	3281.25	3679.6875
73	Spectrogram 1	1	10.986666666666666	11.146666666666667	13382.8125	14343.75
74	Spectrogram 1	1	11.392	11.690666666666667	4054.6875	5132.8125
75	Spectrogram 1	1	11.562666666666667	11.690666666666667	12351.5625	13546.875
76	Spectrogram 1	1	11.84	12.821333333333333	16687.5	17695.3125
77	Spectrogram 1	1	11.936	12.128	1710.9375	2859.375
78	Spectrogram 1	1	11.957333333333333	12.192	3304.6875	3726.5625
79	Spectrogram 1	1	12.0	12.117333333333333	13359.375	14226.5625
80	Spectrogram 1	1	12.010666666666667	12.096	9609.375	10242.1875
81	Spectrogram 1	1	12.170666666666667	12.938666666666666	12375.0	14179.6875
82	Spectrogram 1	1	12.170666666666667	12.288	9539.0625	10171.875
83	Spectrogram 1	1	12.256	12.426666666666666	4476.5625	5085.9375
84	Spectrogram 1	1	12.373333333333333	12.501333333333333	9492.1875	10148.4375
85	Spectrogram 1	1	12.512	12.8	1523.4375	2789.0625
86	Spectrogram 1	1	12.810666666666666	13.013333333333334	4054.6875	4921.875
87	Spectrogram 1	1	12.906666666666666	13.141333333333334	3210.9375	3726.5625
88	Spectrogram 1	1	12.928	13.045333333333334	5343.75	5906.25
89	Spectrogram 1	1	13.024	13.152	14039.0625	14414.0625
90	Spectrogram 1	1	13.237333333333334	13.386666666666667	1335.9375	2742.1875
91	Spectrogram 1	1	13.6	13.888	1687.5	2718.75
92	Spectrogram 1	1	13.653333333333334	13.952	11179.6875	12234.375
93	Spectrogram 1	1	13.664	13.749333333333333	9398.4375	10593.75
94	Spectrogram 1	1	13.834666666666667	14.186666666666667	12328.125	14460.9375
95	Spectrogram 1	1	13.845333333333333	13.962666666666667	9351.5625	10546.875
96	Spectrogram 1	1	13.984	14.208	4500.0	5039.0625
97	Spectrogram 1	1	14.165333333333333	14.4	1523.4375	2789.0625
98	Spectrogram 1	1	14.336	14.474666666666666	5179.6875	5953.125
99	Spectrogram 1	1	14.56	14.773333333333333	1476.5625	2835.9375
100	Spectrogram 1	1	14.698666666666666	14.901333333333334	16945.3125	17554.6875
101	Spectrogram 1	1	14.848	15.573333333333334	9328.125	14484.375
102	Spectrogram 1	1	14.858666666666666	15.136	9398.4375	11531.25
103	Spectrogram 1	1	15.04	15.381333333333334	1429.6875	2882.8125
104	Spectrogram 1	1	15.050666666666666	15.146666666666667	9492.1875	10265.625
105	Spectrogram 1	1	15.296	15.466666666666667	4523.4375	5039.0625
106	Spectrogram 1	1	15.349333333333334	15.584	20953.125	21492.1875
107	Spectrogram 1	1	15.477333333333334	15.861333333333333	1453.125	2859.375
108	Spectrogram 1	1	15.882666666666667	16.106666666666666	3351.5625	3703.125
109	Spectrogram 1	1	16.010666666666665	16.224	1546.875	2671.875
110	Spectrogram 1	1	16.074666666666666	16.458666666666666	5437.5	6351.5625
111	Spectrogram 1	1	16.181333333333335	16.576	4101.5625	5039.0625
112	Spectrogram 1	1	16.352	16.522666666666666	20062.5	20414.0625
113	Spectrogram 1	1	16.394666666666666	16.64	1617.1875	2742.1875
114	Spectrogram 1	1	16.437333333333335	16.554666666666666	12398.4375	13546.875
115	Spectrogram 1	1	16.72533333333333	17.130666666666666	1593.75	2648.4375
116	Spectrogram 1	1	17.056	17.162666666666667	13453.125	14062.5
117	Spectrogram 1	1	17.472	17.813333333333333	1617.1875	2859.375
118	Spectrogram 1	1	17.557333333333332	17.770666666666667	12375.0	13453.125
119	Spectrogram 1	1	17.578666666666667	17.845333333333333	4125.0	5062.5
120	Spectrogram 1	1	17.781333333333333	18.101333333333333	16687.5	17625.0
121	Spectrogram 1	1	17.898666666666667	18.592	12914.0625	14226.5625
122	Spectrogram 1	1	18.026666666666667	18.410666666666668	10359.375	11601.5625
123	Spectrogram 1	1	18.176	18.634666666666668	10875.0	12562.5
124	Spectrogram 1	1	18.229333333333333	18.602666666666668	16804.6875	17320.3125
125	Spectrogram 1	1	18.272	18.581333333333333	1359.375	2906.25
126	Spectrogram 1	1	18.293333333333333	18.4	9445.3125	10125.0
127	Spectrogram 1	1	18.506666666666668	18.581333333333333	9562.5	10359.375
128	Spectrogram 1	1	18.730666666666668	19.584	11343.75	14320.3125
129	Spectrogram 1	1	18.826666666666668	19.093333333333334	1523.4375	2789.0625
130	Spectrogram 1	1	18.890666666666668	18.986666666666668	9539.0625	10851.5625
131	Spectrogram 1	1	18.901333333333334	19.061333333333334	5203.125	5765.625
132	Spectrogram 1	1	18.912	19.072	4078.125	4898.4375
133	Spectrogram 1	1	19.072	19.562666666666665	9421.875	10617.1875
134	Spectrogram 1	1	19.317333333333334	19.498666666666665	1523.4375	2671.875
135	Spectrogram 1	1	19.754666666666665	19.936	3304.6875	3867.1875
136	Spectrogram 1	1	19.84	20.064	1640.625	2812.5
137	Spectrogram 1	1	20.426666666666666	20.714666666666666	4078.125	6046.875
138	Spectrogram 1	1	20.522666666666666	20.874666666666666	12351.5625	14460.9375
139	Spectrogram 1	1	20.704	20.938666666666666	3304.6875	3726.5625
140	Spectrogram 1	1	20.949333333333332	21.109333333333332	1640.625	2554.6875
141	Spectrogram 1	1	20.96	21.045333333333332	13335.9375	13945.3125
142	Spectrogram 1	1	20.970666666666666	21.312	16898.4375	17484.375
143	Spectrogram 1	1	21.28	21.365333333333332	13453.125	14039.0625
144	Spectrogram 1	1	21.322666666666667	21.525333333333332	1523.4375	2789.0625
145	Spectrogram 1	1	21.472	21.568	9562.5	10289.0625
146	Spectrogram 1	1	21.482666666666667	22.762666666666668	9070.3125	14789.0625
147	Spectrogram 1	1	21.642666666666667	21.770666666666667	4148.4375	4804.6875
148	Spectrogram 1	1	21.642666666666667	21.834666666666667	3304.6875	3703.125
149	Spectrogram 1	1	21.664	21.813333333333333	5320.3125	5929.6875
150	Spectrogram 1	1	21.834666666666667	22.016	1593.75	2765.625
151	Spectrogram 1	1	22.389333333333333	22.570666666666668	1640.625	2882.8125
152	Spectrogram 1	1	22.453333333333333	22.56	19148.4375	19687.5
153	Spectrogram 1	1	22.848	23.029333333333334	9539.0625	9867.1875
154	Spectrogram 1	1	22.944	23.264	3984.375	5976.5625
155	Spectrogram 1	1	22.954666666666668	23.104	2156.25	2812.5
156	Spectrogram 1	1	22.976	23.24266666666667	19828.125	20390.625
157	Spectrogram 1	1	23.093333333333334	23.264	12421.875	13734.375
158	Spectrogram 1	1	23.349333333333334	23.456	13242.1875	14015.625
159	Spectrogram 1	1	23.541333333333334	23.658666666666665	12914.0625	14179.6875
160	Spectrogram 1	1	23.552	23.648	11507.8125	12234.375
161	Spectrogram 1	1	23.68	23.861333333333334	1664.0625	2765.625
162	Spectrogram 1	1	23.722666666666665	23.946666666666665	3304.6875	3867.1875
163	Spectrogram 1	1	23.733333333333334	24.266666666666666	9328.125	14273.4375
164	Spectrogram 1	1	23.765333333333334	23.904	4640.625	5015.625
165	Spectrogram 1	1	24.117333333333335	24.266666666666666	4148.4375	4898.4375
166	Spectrogram 1	1	24.522666666666666	25.173333333333332	9093.75	14648.4375
167	Spectrogram 1	1	24.533333333333335	24.768	3281.25	3890.625
168	Spectrogram 1	1	24.565333333333335	24.810666666666666	4242.1875	6210.9375
169	Spectrogram 1	1	24.778666666666666	25.056	1664.0625	2601.5625
170	Spectrogram 1	1	25.066666666666666	25.792	9093.75	14718.75
171	Spectrogram 1	1	25.066666666666666	25.173333333333332	11296.875	12046.875
172	Spectrogram 1	1	25.184	25.354666666666667	1617.1875	2460.9375
173	Spectrogram 1	1	25.269333333333332	25.365333333333332	20859.375	21398.4375
174	Spectrogram 1	1	25.482666666666667	25.845333333333333	4125.0	5085.9375
175	Spectrogram 1	1	25.632	25.813333333333333	3351.5625	3703.125
176	Spectrogram 1	1	25.653333333333332	25.770666666666667	11601.5625	12046.875
177	Spectrogram 1	1	25.674666666666667	25.888	5437.5	6070.3125
178	Spectrogram 1	1	25.76	25.952	1570.3125	2648.4375
179	Spectrogram 1	1	25.866666666666667	25.973333333333333	13523.4375	13992.1875
180	Spectrogram 1	1	26.122666666666667	26.282666666666668	16898.4375	17273.4375
181	Spectrogram 1	1	26.272	26.453333333333333	1523.4375	2765.625
182	Spectrogram 1	1	26.282666666666668	26.389333333333333	12937.5	14039.0625
183	Spectrogram 1	1	26.282666666666668	26.378666666666668	9515.625	10289.0625
184	Spectrogram 1	1	26.293333333333333	26.688	3703.125	5367.1875
185	Spectrogram 1	1	26.464	26.773333333333333	11109.375	14437.5
186	Spectrogram 1	1	26.485333333333333	26.570666666666668	9539.0625	10148.4375
187	Spectrogram 1	1	26.517333333333333	26.72	3210.9375	3632.8125
188	Spectrogram 1	1	26.656	26.890666666666668	10335.9375	10898.4375
189	Spectrogram 1	1	26.677333333333333	27.552	16781.25	17671.875
190	Spectrogram 1	1	26.677333333333333	26.848	9539.0625	10101.5625
191	Spectrogram 1	1	26.677333333333333	26.922666666666668	1523.4375	2742.1875
192	Spectrogram 1	1	27.061333333333334	27.584	12515.625	14414.0625
193	Spectrogram 1	1	27.125333333333334	27.381333333333334	1570.3125	2789.0625
194	Spectrogram 1	1	27.17866666666667	27.328	21093.75	21539.0625
195	Spectrogram 1	1	27.232	27.392	4593.75	5226.5625
196	Spectrogram 1	1	27.253333333333334	27.338666666666665	9585.9375	10476.5625
197	Spectrogram 1	1	27.413333333333334	27.594666666666665	3304.6875	3656.25
198	Spectrogram 1	1	27.424	27.562666666666665	9257.8125	12351.5625
199	Spectrogram 1	1	27.648	27.754666666666665	11554.6875	12328.125
200	Spectrogram 1	1	27.648	27.765333333333334	9445.3125	10546.875
201	Spectrogram 1	1	27.658666666666665	27.754666666666665	12937.5	14273.4375
202	Spectrogram 1	1	27.776	27.946666666666665	1476.5625	2765.625
203	Spectrogram 1	1	27.829333333333334	28.533333333333335	10851.5625	14226.5625
204	Spectrogram 1	1	27.850666666666665	27.957333333333334	9445.3125	10945.3125
205	Spectrogram 1	1	28.042666666666666	28.149333333333335	9468.75	10335.9375
206	Spectrogram 1	1	28.064	28.384	4078.125	5320.3125
207	Spectrogram 1	1	28.234666666666666	28.512	1664.0625	2742.1875
208	Spectrogram 1	1	28.245333333333335	28.341333333333335	9257.8125	9914.0625
209	Spectrogram 1	1	28.416	28.512	11648.4375	12210.9375
210	Spectrogram 1	1	28.437333333333335	28.533333333333335	9328.125	10289.0625
211	Spectrogram 1	1	28.618666666666666	28.82133333333333	3304.6875	3679.6875
212	Spectrogram 1	1	28.629333333333335	28.736	11625.0	12445.3125
213	Spectrogram 1	1	28.629333333333335	29.152	9234.375	14859.375
214	Spectrogram 1	1	28.64	28.75733333333333	12914.0625	14085.9375
215	Spectrogram 1	1	28.746666666666666	28.896	1546.875	2531.25
216	Spectrogram 1	1	28.832	28.928	12984.375	13664.0625
217	Spectrogram 1	1	28.842666666666666	29.12	19101.5625	21257.8125
218	Spectrogram 1	1	28.842666666666666	29.024	3656.25	4500.0
219	Spectrogram 1	1	28.874666666666666	29.013333333333332	5343.75	5789.0625
220	Spectrogram 1	1	28.896	29.066666666666666	4687.5	5179.6875
221	Spectrogram 1	1	29.173333333333332	29.301333333333332	12281.25	13218.75
222	Spectrogram 1	1	29.258666666666667	29.578666666666667	1593.75	2789.0625
223	Spectrogram 1	1	29.461333333333332	29.642666666666667	3351.5625	3656.25
224	Spectrogram 1	1	29.536	30.304	16781.25	17601.5625
225	Spectrogram 1	1	29.653333333333332	29.813333333333333	1664.0625	2625.0
226	Spectrogram 1	1	29.770666666666667	29.952	4546.875	5179.6875
227	Spectrogram 1	1	30.154666666666667	30.24	13570.3125	14179.6875
228	Spectrogram 1	1	30.56	30.784	4078.125	5601.5625
229	Spectrogram 1	1	30.592	30.698666666666668	12234.375	12796.875
230	Spectrogram 1	1	30.656	30.794666666666668	5859.375	6421.875
231	Spectrogram 1	1	31.24266666666667	31.466666666666665	1687.5	2601.5625
232	Spectrogram 1	1	31.349333333333334	31.530666666666665	4757.8125	5179.6875
233	Spectrogram 1	1	31.402666666666665	31.616	3304.6875	3890.625
234	Spectrogram 1	1	31.626666666666665	31.936	1640.625	2695.3125
235	Spectrogram 1	1	31.978666666666665	32.330666666666666	4054.6875	5039.0625
236	Spectrogram 1	1	32.010666666666665	32.10666666666667	12257.8125	12796.875
237	Spectrogram 1	1	32.128	32.522666666666666	1617.1875	2648.4375
238	Spectrogram 1	1	32.458666666666666	32.66133333333333	3328.125	3679.6875
239	Spectrogram 1	1	32.885333333333335	33.056	2203.125	2531.25
240	Spectrogram 1	1	33.09866666666667	33.333333333333336	4101.5625	5203.125
241	Spectrogram 1	1	33.152	33.29066666666667	1710.9375	2648.4375
242	Spectrogram 1	1	33.205333333333336	33.504	12328.125	14554.6875
243	Spectrogram 1	1	33.248	33.461333333333336	3328.125	3679.6875
244	Spectrogram 1	1	33.312	33.6	16828.125	17671.875
245	Spectrogram 1	1	33.61066666666667	33.909333333333336	1500.0	2812.5
246	Spectrogram 1	1	33.62133333333333	34.89066666666667	9070.3125	15023.4375
247	Spectrogram 1	1	33.632	33.728	12984.375	13898.4375
248	Spectrogram 1	1	34.026666666666664	34.176	1828.125	2625.0
249	Spectrogram 1	1	34.45333333333333	34.592	5859.375	6234.375
250	Spectrogram 1	1	34.51733333333333	34.858666666666664	18351.5625	21351.5625
251	Spectrogram 1	1	34.63466666666667	34.922666666666665	4125.0	5835.9375
252	Spectrogram 1	1	34.67733333333333	34.82666666666667	1828.125	2625.0
253	Spectrogram 1	1	34.922666666666665	35.25333333333333	1640.625	2742.1875
254	Spectrogram 1	1	35.08266666666667	35.46666666666667	16664.0625	17460.9375
255	Spectrogram 1	1	35.14666666666667	35.25333333333333	12914.0625	14039.0625
256	Spectrogram 1	1	35.349333333333334	35.84	10101.5625	14203.125
257	Spectrogram 1	1	35.498666666666665	35.605333333333334	2109.375	2601.5625
258	Spectrogram 1	1	35.52	35.76533333333333	4078.125	5085.9375
259	Spectrogram 1	1	35.616	35.744	21210.9375	21656.25
260	Spectrogram 1	1	35.626666666666665	36.10666666666667	16570.3125	17648.4375
261	Spectrogram 1	1	35.925333333333334	36.608	9164.0625	14906.25
262	Spectrogram 1	1	36.074666666666666	36.21333333333333	20062.5	21375.0
263	Spectrogram 1	1	36.128	36.394666666666666	3304.6875	3914.0625
264	Spectrogram 1	1	36.16	36.29866666666667	5531.25	6000.0
265	Spectrogram 1	1	36.27733333333333	36.40533333333333	20882.8125	21351.5625
266	Spectrogram 1	1	36.27733333333333	36.384	19171.875	20671.875
267	Spectrogram 1	1	37.077333333333335	37.28	4148.4375	4992.1875
268	Spectrogram 1	1	37.088	37.248	12984.375	13453.125
269	Spectrogram 1	1	37.376	37.6	1804.6875	2554.6875
270	Spectrogram 1	1	38.08	38.272	4125.0	5085.9375
271	Spectrogram 1	1	38.12266666666667	38.26133333333333	12960.9375	13687.5
272	Spectrogram 1	1	38.26133333333333	38.50666666666667	16898.4375	17578.125
273	Spectrogram 1	1	38.336	38.48533333333334	3234.375	3656.25
274	Spectrogram 1	1	38.432	38.816	1898.4375	2789.0625
275	Spectrogram 1	1	38.83733333333333	39.008	4453.125	5203.125
276	Spectrogram 1	1	38.93333333333333	39.08266666666667	1640.625	2671.875
277	Spectrogram 1	1	39.01866666666667	39.242666666666665	13476.5625	14226.5625
278	Spectrogram 1	1	39.01866666666667	39.14666666666667	9632.8125	11062.5
279	Spectrogram 1	1	39.01866666666667	39.232	3304.6875	3656.25
280	Spectrogram 1	1	39.232	39.46666666666667	12328.125	13289.0625
281	Spectrogram 1	1	39.328	39.46666666666667	13453.125	14179.6875
282	Spectrogram 1	1	39.456	39.78666666666667	1570.3125	2742.1875
283	Spectrogram 1	1	39.552	39.690666666666665	9445.3125	10289.0625
284	Spectrogram 1	1	39.562666666666665	39.65866666666667	12984.375	14109.375
285	Spectrogram 1	1	39.562666666666665	39.68	11203.125	12187.5
286	Spectrogram 1	1	39.57333333333333	39.91466666666667	4523.4375	5109.375
287	Spectrogram 1	1	39.76533333333333	39.882666666666665	9398.4375	10687.5
288	Spectrogram 1	1	39.776	39.882666666666665	11085.9375	11765.625
289	Spectrogram 1	1	39.89333333333333	40.138666666666666	3281.25	3679.6875
290	Spectrogram 1	1	40.04266666666667	40.266666666666666	9304.6875	11320.3125
291	Spectrogram 1	1	40.138666666666666	40.256	11554.6875	12070.3125
292	Spectrogram 1	1	40.32	40.49066666666667	1476.5625	2695.3125
293	Spectrogram 1	1	40.36266666666667	40.736	11695.3125	14320.3125
294	Spectrogram 1	1	40.576	40.81066666666667	4125.0	5531.25
295	Spectrogram 1	1	40.68266666666667	40.864	1570.3125	2742.1875
296	Spectrogram 1	1	40.778666666666666	41.45066666666666	16757.8125	17578.125
297	Spectrogram 1	1	40.896	41.088	3281.25	3632.8125
298	Spectrogram 1	1	41.024	41.16266666666667	1781.25	2578.125
299	Spectrogram 1	1	41.22666666666667	41.344	20390.625	21539.0625
300	Spectrogram 1	1	41.23733333333333	41.42933333333333	1640.625	2789.0625
301	Spectrogram 1	1	41.45066666666666	41.55733333333333	10476.5625	11250.0
302	Spectrogram 1	1	41.472	41.568	9585.9375	10312.5
303	Spectrogram 1	1	41.54666666666667	41.74933333333333	16898.4375	17226.5625
304	Spectrogram 1	1	41.61066666666667	41.973333333333336	4054.6875	5062.5
305	Spectrogram 1	1	41.664	41.74933333333333	9421.875	10382.8125
306	Spectrogram 1	1	41.67466666666667	41.93066666666667	1781.25	2648.4375
307	Spectrogram 1	1	41.845333333333336	42.13333333333333	18351.5625	20648.4375
308	Spectrogram 1	1	42.144	42.272	1898.4375	2601.5625
309	Spectrogram 1	1	42.528	42.965333333333334	1734.375	2765.625
310	Spectrogram 1	1	42.858666666666664	43.18933333333333	3726.5625	5789.0625
311	Spectrogram 1	1	43.08266666666667	43.264	1757.8125	2695.3125
312	Spectrogram 1	1	43.477333333333334	43.797333333333334	1593.75	2718.75
313	Spectrogram 1	1	43.669333333333334	43.95733333333333	3304.6875	3750.0
314	Spectrogram 1	1	43.89333333333333	44.096	1664.0625	2742.1875
315	Spectrogram 1	1	44.66133333333333	44.842666666666666	1593.75	2742.1875
316	Spectrogram 1	1	44.68266666666667	44.885333333333335	4570.3125	5062.5
317	Spectrogram 1	1	44.714666666666666	44.87466666666667	3304.6875	3703.125
318	Spectrogram 1	1	44.74666666666667	44.970666666666666	5226.5625	5882.8125
319	Spectrogram 1	1	44.98133333333333	45.152	1687.5	2554.6875
320	Spectrogram 1	1	45.269333333333336	45.62133333333333	1640.625	2789.0625
321	Spectrogram 1	1	45.472	45.70666666666666	4054.6875	5906.25
322	Spectrogram 1	1	45.55733333333333	45.76	3281.25	3843.75
323	Spectrogram 1	1	45.74933333333333	46.12266666666667	1335.9375	2531.25
324	Spectrogram 1	1	46.218666666666664	46.346666666666664	4007.8125	4570.3125
325	Spectrogram 1	1	46.54933333333334	46.77333333333333	1804.6875	2648.4375
326	Spectrogram 1	1	46.89066666666667	47.093333333333334	3984.375	4781.25
327	Spectrogram 1	1	46.93333333333333	47.050666666666665	5507.8125	5953.125
328	Spectrogram 1	1	46.93333333333333	47.221333333333334	1570.3125	2718.75
329	Spectrogram 1	1	47.52	47.690666666666665	1617.1875	2695.3125
330	Spectrogram 1	1	47.797333333333334	47.936	1125.0	1640.625
331	Spectrogram 1	1	47.925333333333334	48.10666666666667	3281.25	3726.5625
332	Spectrogram 1	1	47.936	48.064	13710.9375	14273.4375
333	Spectrogram 1	1	47.936	48.08533333333333	1828.125	2625.0
334	Spectrogram 1	1	48.138666666666666	48.288	12257.8125	13757.8125
335	Spectrogram 1	1	48.138666666666666	48.352	4054.6875	5695.3125
336	Spectrogram 1	1	48.330666666666666	48.522666666666666	1617.1875	2742.1875
337	Spectrogram 1	1	48.704	48.78933333333333	13312.5	13968.75
338	Spectrogram 1	1	48.778666666666666	49.034666666666666	3281.25	3937.5
339	Spectrogram 1	1	48.81066666666667	49.024	1734.375	2695.3125
340	Spectrogram 1	1	48.842666666666666	49.013333333333335	4734.375	5953.125
341	Spectrogram 1	1	48.885333333333335	49.024	12914.0625	14437.5
342	Spectrogram 1	1	48.885333333333335	49.00266666666667	10031.25	10804.6875
343	Spectrogram 1	1	49.088	49.248	4546.875	4992.1875
344	Spectrogram 1	1	49.12	49.36533333333333	12140.625	14273.4375
345	Spectrogram 1	1	49.205333333333336	49.42933333333333	1781.25	2671.875
346	Spectrogram 1	1	49.472	49.568	13546.875	14226.5625
347	Spectrogram 1	1	49.525333333333336	49.92	1664.0625	2765.625
348	Spectrogram 1	1	49.653333333333336	49.99466666666667	12796.875	14367.1875
349	Spectrogram 1	1	49.68533333333333	49.984	3234.375	3890.625
350	Spectrogram 1	1	49.845333333333336	50.016	4804.6875	5250.0
351	Spectrogram 1	1	49.856	49.962666666666664	10476.5625	11085.9375
352	Spectrogram 1	1	50.090666666666664	50.31466666666667	1101.5625	2695.3125
353	Spectrogram 1	1	50.176	50.304	12890.625	14179.6875
354	Spectrogram 1	1	50.304	50.45333333333333	17039.0625	17507.8125
355	Spectrogram 1	1	50.37866666666667	50.89066666666667	11578.125	14273.4375
356	Spectrogram 1	1	50.45333333333333	50.63466666666667	2179.6875	2742.1875
357	Spectrogram 1	1	50.54933333333334	50.89066666666667	3257.8125	5062.5
358	Spectrogram 1	1	50.656	50.816	1664.0625	2625.0
359	Spectrogram 1	1	50.730666666666664	51.12533333333333	16687.5	17648.4375
360	Spectrogram 1	1	50.77333333333333	50.86933333333333	9539.0625	11437.5
361	Spectrogram 1	1	50.976	51.093333333333334	9679.6875	10710.9375
362	Spectrogram 1	1	51.178666666666665	51.38133333333333	1804.6875	2648.4375
363	Spectrogram 1	1	51.31733333333333	51.424	12890.625	14203.125
364	Spectrogram 1	1	51.328	51.424	11507.8125	12093.75
365	Spectrogram 1	1	51.40266666666667	51.584	5156.25	5718.75
366	Spectrogram 1	1	51.498666666666665	51.82933333333333	11671.875	14695.3125
367	Spectrogram 1	1	51.50933333333333	51.616	9492.1875	10265.625
368	Spectrogram 1	1	51.541333333333334	51.76533333333333	3328.125	3679.6875
369	Spectrogram 1	1	51.584	51.744	1710.9375	2671.875
370	Spectrogram 1	1	51.68	51.808	9351.5625	11367.1875
371	Spectrogram 1	1	51.89333333333333	52.448	12140.625	14296.875
372	Spectrogram 1	1	52.010666666666665	52.181333333333335	1523.4375	2625.0
373	Spectrogram 1	1	52.10666666666667	52.437333333333335	9257.8125	12375.0
374	Spectrogram 1	1	52.266666666666666	52.416	19687.5	20320.3125
375	Spectrogram 1	1	52.373333333333335	52.61866666666667	1125.0	2671.875
376	Spectrogram 1	1	52.629333333333335	52.74666666666667	13898.4375	14414.0625
377	Spectrogram 1	1	52.68266666666667	52.970666666666666	4664.0625	5789.0625
378	Spectrogram 1	1	52.864	53.013333333333335	16898.4375	17296.875
379	Spectrogram 1	1	52.906666666666666	53.13066666666667	1453.125	2742.1875
380	Spectrogram 1	1	53.00266666666667	55.242666666666665	9328.125	14718.75
381	Spectrogram 1	1	53.152	53.35466666666667	21093.75	21914.0625
382	Spectrogram 1	1	53.152	53.984	16734.375	17554.6875
383	Spectrogram 1	1	53.36533333333333	53.62133333333333	1687.5	2625.0
384	Spectrogram 1	1	53.41866666666667	53.51466666666666	11718.75	12304.6875
385	Spectrogram 1	1	53.44	53.54666666666667	10453.125	11343.75
386	Spectrogram 1	1	53.48266666666667	53.653333333333336	3351.5625	3656.25
387	Spectrogram 1	1	53.792	53.909333333333336	2062.5	2578.125
388	Spectrogram 1	1	53.80266666666667	53.909333333333336	11554.6875	12117.1875
389	Spectrogram 1	1	54.165333333333336	54.538666666666664	4078.125	5039.0625
390	Spectrogram 1	1	54.18666666666667	54.42133333333334	5343.75	6000.0
391	Spectrogram 1	1	54.24	54.54933333333334	1664.0625	2601.5625
392	Spectrogram 1	1	54.25066666666667	54.45333333333333	3351.5625	3679.6875
393	Spectrogram 1	1	54.57066666666667	54.72	18539.0625	19570.3125
394	Spectrogram 1	1	54.69866666666667	54.93333333333333	1921.875	2625.0
395	Spectrogram 1	1	54.965333333333334	55.06133333333333	18750.0	19382.8125
396	Spectrogram 1	1	55.104	55.285333333333334	1664.0625	2625.0
397	Spectrogram 1	1	55.136	55.242666666666665	11882.8125	12398.4375
398	Spectrogram 1	1	55.14666666666667	55.25333333333333	9304.6875	9890.625
399	Spectrogram 1	1	55.306666666666665	55.44533333333333	4406.25	5179.6875
400	Spectrogram 1	1	55.328	56.448	12304.6875	14460.9375
401	Spectrogram 1	1	55.392	55.552	3281.25	3679.6875
402	Spectrogram 1	1	55.541333333333334	55.68	16804.6875	17460.9375
403	Spectrogram 1	1	55.59466666666667	55.754666666666665	1992.1875	2648.4375
404	Spectrogram 1	1	55.70133333333333	55.797333333333334	5109.375	5765.625
405	Spectrogram 1	1	55.84	56.55466666666667	16875.0	17531.25
406	Spectrogram 1	1	55.91466666666667	56.02133333333333	11460.9375	12093.75
407	Spectrogram 1	1	55.946666666666665	56.117333333333335	1546.875	2695.3125
408	Spectrogram 1	1	56.10666666666667	56.42666666666667	11460.9375	12281.25
409	Spectrogram 1	1	56.266666666666666	56.437333333333335	9445.3125	11296.875
410	Spectrogram 1	1	56.309333333333335	56.576	3328.125	3796.875
411	Spectrogram 1	1	56.40533333333333	56.59733333333333	1640.625	2671.875
412	Spectrogram 1	1	56.512	56.85333333333333	9328.125	11367.1875
413	Spectrogram 1	1	56.522666666666666	56.85333333333333	12375.0	14109.375
414	Spectrogram 1	1	56.522666666666666	56.81066666666667	11507.8125	11882.8125
415	Spectrogram 1	1	56.91733333333333	57.088	4195.3125	5718.75
416	Spectrogram 1	1	57.06666666666667	57.62133333333333	9140.625	14625.0
417	Spectrogram 1	1	57.12	57.36533333333333	3281.25	3726.5625
418	Spectrogram 1	1	57.22666666666667	57.36533333333333	18492.1875	18890.625
419	Spectrogram 1	1	57.248	57.35466666666667	19148.4375	19828.125
420	Spectrogram 1	1	57.48266666666667	57.898666666666664	1382.8125	2578.125
421	Spectrogram 1	1	58.144	58.35733333333334	3234.375	5015.625
422	Spectrogram 1	1	58.19733333333333	58.304	13734.375	14390.625
423	Spectrogram 1	1	58.19733333333333	58.31466666666667	5320.3125	5742.1875
424	Spectrogram 1	1	58.282666666666664	58.45333333333333	1570.3125	2625.0
425	Spectrogram 1	1	58.42133333333334	58.816	16710.9375	17484.375
426	Spectrogram 1	1	58.624	58.848	4664.0625	5039.0625
427	Spectrogram 1	1	58.76266666666667	58.976	1523.4375	2671.875
428	Spectrogram 1	1	59.008	59.285333333333334	3304.6875	3843.75
429	Spectrogram 1	1	59.114666666666665	59.306666666666665	4125.0	4851.5625
430	Spectrogram 1	1	59.157333333333334	59.285333333333334	12914.0625	13289.0625
431	Spectrogram 1	1	59.690666666666665	59.861333333333334	1523.4375	2671.875
432	Spectrogram 1	1	59.818666666666665	59.989333333333335	3351.5625	3867.1875
433	Spectrogram 1	1	59.882666666666665	59.968	13523.4375	14226.5625
434	Spectrogram 1	1	59.89333333333333	59.989333333333335	9140.625	10148.4375
