Selection	View	Channel	Begin Time (s)	End Time (s)	Low Freq (Hz)	High Freq (Hz)
1	Spectrogram 1	1	0.128	0.26666666666666666	15328.125	16031.25
2	Spectrogram 1	1	0.2986666666666667	1.7813333333333334	13875.0	15375.0
3	Spectrogram 1	1	0.30933333333333335	0.4266666666666667	19992.1875	20835.9375
4	Spectrogram 1	1	0.33066666666666666	0.4693333333333333	12515.625	13617.1875
5	Spectrogram 1	1	0.352	0.48	4218.75	5742.1875
6	Spectrogram 1	1	0.3626666666666667	0.608	14835.9375	16195.3125
7	Spectrogram 1	1	0.3626666666666667	0.45866666666666667	11343.75	12304.6875
8	Spectrogram 1	1	0.4053333333333333	0.6293333333333333	21492.1875	22195.3125
9	Spectrogram 1	1	0.4053333333333333	0.6293333333333333	17085.9375	17953.125
10	Spectrogram 1	1	0.6826666666666666	0.8106666666666666	20437.5	20859.375
11	Spectrogram 1	1	0.7573333333333333	0.9493333333333334	16875.0	17273.4375
12	Spectrogram 1	1	0.7786666666666666	1.1306666666666667	15210.9375	16382.8125
13	Spectrogram 1	1	0.832	1.5786666666666667	15539.0625	18820.3125
14	Spectrogram 1	1	0.9706666666666667	1.1946666666666668	10687.5	11039.0625
15	Spectrogram 1	1	1.0986666666666667	1.184	4148.4375	4781.25
16	Spectrogram 1	1	1.28	1.4933333333333334	12492.1875	13500.0
17	Spectrogram 1	1	1.408	1.7173333333333334	23648.4375	24000.0
18	Spectrogram 1	1	1.5466666666666666	1.728	18187.5	19031.25
19	Spectrogram 1	1	1.6213333333333333	1.7386666666666666	16312.5	17414.0625
20	Spectrogram 1	1	1.696	1.9733333333333334	15398.4375	15867.1875
21	Spectrogram 1	1	1.8453333333333333	1.9733333333333334	4265.625	5437.5
22	Spectrogram 1	1	2.058666666666667	2.1973333333333334	4218.75	5062.5
23	Spectrogram 1	1	2.1973333333333334	2.336	15351.5625	16171.875
24	Spectrogram 1	1	2.2933333333333334	2.4	4453.125	5273.4375
25	Spectrogram 1	1	3.1786666666666665	4.928	8296.875	10382.8125
26	Spectrogram 1	1	3.36	3.488	12914.0625	13382.8125
27	Spectrogram 1	1	3.392	3.584	23460.9375	24000.0
28	Spectrogram 1	1	3.466666666666667	3.584	19453.125	20507.8125
29	Spectrogram 1	1	3.6693333333333333	3.7653333333333334	4359.375	5273.4375
30	Spectrogram 1	1	3.68	3.936	20179.6875	20859.375
31	Spectrogram 1	1	3.872	4.32	14015.625	14742.1875
32	Spectrogram 1	1	4.384	4.597333333333333	12257.8125	12820.3125
33	Spectrogram 1	1	4.394666666666667	4.512	14812.5	15445.3125
34	Spectrogram 1	1	4.416	4.874666666666666	13007.8125	14578.125
35	Spectrogram 1	1	4.469333333333333	4.864	20109.375	21023.4375
36	Spectrogram 1	1	4.501333333333333	4.725333333333333	17109.375	17414.0625
37	Spectrogram 1	1	5.269333333333333	5.461333333333333	3632.8125	4125.0
38	Spectrogram 1	1	6.165333333333334	6.517333333333333	15304.6875	16195.3125
39	Spectrogram 1	1	6.1866666666666665	6.506666666666667	11742.1875	12515.625
40	Spectrogram 1	1	6.570666666666667	7.637333333333333	8273.4375	9328.125
41	Spectrogram 1	1	6.602666666666667	7.04	23531.25	24000.0
42	Spectrogram 1	1	6.677333333333333	7.786666666666667	13992.1875	15234.375
43	Spectrogram 1	1	6.698666666666667	7.082666666666666	15000.0	16734.375
44	Spectrogram 1	1	6.784	7.093333333333334	21914.0625	23132.8125
45	Spectrogram 1	1	6.784	7.136	21445.3125	21773.4375
46	Spectrogram 1	1	6.816	6.944	4101.5625	5296.875
47	Spectrogram 1	1	6.858666666666666	7.008	21000.0	21375.0
48	Spectrogram 1	1	6.858666666666666	7.072	12210.9375	13382.8125
49	Spectrogram 1	1	7.104	7.264	14953.125	16335.9375
50	Spectrogram 1	1	7.168	7.52	21656.25	22570.3125
51	Spectrogram 1	1	7.168	7.477333333333333	7195.3125	7992.1875
52	Spectrogram 1	1	7.189333333333333	7.36	23039.0625	23625.0
53	Spectrogram 1	1	7.210666666666667	7.402666666666667	19406.25	20015.625
54	Spectrogram 1	1	7.210666666666667	7.370666666666667	11882.8125	12304.6875
55	Spectrogram 1	1	7.221333333333333	7.424	9468.75	10289.0625
56	Spectrogram 1	1	7.242666666666667	7.36	17062.5	17671.875
57	Spectrogram 1	1	7.253333333333333	7.392	12679.6875	13359.375
58	Spectrogram 1	1	7.498666666666667	7.658666666666667	19710.9375	20085.9375
59	Spectrogram 1	1	7.509333333333333	7.701333333333333	20273.4375	20859.375
60	Spectrogram 1	1	7.8613333333333335	8.053333333333333	4007.8125	5976.5625
61	Spectrogram 1	1	7.882666666666666	8.021333333333333	11250.0	12304.6875
62	Spectrogram 1	1	7.882666666666666	8.010666666666667	8367.1875	9445.3125
63	Spectrogram 1	1	7.904	8.192	15375.0	16218.75
64	Spectrogram 1	1	8.16	8.256	3867.1875	4781.25
65	Spectrogram 1	1	8.64	8.821333333333333	4078.125	5578.125
66	Spectrogram 1	1	8.714666666666666	8.928	11718.75	12140.625
67	Spectrogram 1	1	9.002666666666666	9.184	8460.9375	8859.375
68	Spectrogram 1	1	9.184	10.581333333333333	13875.0	15773.4375
69	Spectrogram 1	1	9.354666666666667	10.058666666666667	20156.25	21773.4375
70	Spectrogram 1	1	9.376	9.589333333333334	15609.375	16382.8125
71	Spectrogram 1	1	9.557333333333334	9.866666666666667	23507.8125	24000.0
72	Spectrogram 1	1	9.621333333333334	9.845333333333333	11367.1875	13429.6875
73	Spectrogram 1	1	9.674666666666667	9.824	4148.4375	6117.1875
74	Spectrogram 1	1	9.738666666666667	10.005333333333333	16546.875	17765.625
75	Spectrogram 1	1	9.845333333333333	9.973333333333333	7195.3125	7617.1875
76	Spectrogram 1	1	9.888	10.24	17765.625	18539.0625
77	Spectrogram 1	1	9.909333333333333	10.037333333333333	12937.5	13406.25
78	Spectrogram 1	1	10.176	10.282666666666668	20085.9375	20625.0
79	Spectrogram 1	1	10.186666666666667	10.336	2601.5625	3164.0625
80	Spectrogram 1	1	10.261333333333333	10.570666666666666	17085.9375	18304.6875
81	Spectrogram 1	1	10.282666666666668	10.56	20789.0625	21562.5
82	Spectrogram 1	1	10.453333333333333	10.613333333333333	3679.6875	5226.5625
83	Spectrogram 1	1	10.88	11.072	1710.9375	2156.25
84	Spectrogram 1	1	11.274666666666667	11.477333333333334	15164.0625	16007.8125
85	Spectrogram 1	1	11.712	11.882666666666667	1781.25	2109.375
86	Spectrogram 1	1	11.850666666666667	11.946666666666667	4078.125	4593.75
87	Spectrogram 1	1	11.904	12.362666666666666	11554.6875	12960.9375
88	Spectrogram 1	1	12.053333333333333	13.12	23179.6875	24000.0
89	Spectrogram 1	1	12.128	12.608	16593.75	17906.25
90	Spectrogram 1	1	12.181333333333333	13.493333333333334	12539.0625	15421.875
91	Spectrogram 1	1	12.192	13.504	8296.875	10640.625
92	Spectrogram 1	1	12.245333333333333	13.621333333333334	11625.0	13757.8125
93	Spectrogram 1	1	12.298666666666668	12.938666666666666	19617.1875	21281.25
94	Spectrogram 1	1	12.309333333333333	12.490666666666666	4101.5625	5554.6875
95	Spectrogram 1	1	12.650666666666666	12.853333333333333	16617.1875	17578.125
96	Spectrogram 1	1	13.098666666666666	13.472	15703.125	16335.9375
97	Spectrogram 1	1	13.109333333333334	13.450666666666667	4101.5625	6070.3125
98	Spectrogram 1	1	13.130666666666666	13.312	18421.875	18890.625
99	Spectrogram 1	1	13.173333333333334	13.397333333333334	20132.8125	20765.625
100	Spectrogram 1	1	13.301333333333334	13.472	16523.4375	17109.375
101	Spectrogram 1	1	13.770666666666667	15.285333333333334	11296.875	12703.125
102	Spectrogram 1	1	13.845333333333333	14.154666666666667	15210.9375	16101.5625
103	Spectrogram 1	1	13.856	13.973333333333333	4218.75	5671.875
104	Spectrogram 1	1	14.186666666666667	14.389333333333333	4171.875	5578.125
105	Spectrogram 1	1	14.208	14.773333333333333	15304.6875	16359.375
106	Spectrogram 1	1	14.666666666666666	14.805333333333333	2554.6875	3234.375
107	Spectrogram 1	1	14.954666666666666	16.064	8320.3125	10312.5
108	Spectrogram 1	1	15.018666666666666	16.010666666666665	13851.5625	15585.9375
109	Spectrogram 1	1	15.050666666666666	15.178666666666667	9726.5625	10148.4375
110	Spectrogram 1	1	15.061333333333334	15.221333333333334	12515.625	13335.9375
111	Spectrogram 1	1	15.125333333333334	15.328	17765.625	18445.3125
112	Spectrogram 1	1	15.189333333333334	15.338666666666667	21164.0625	21820.3125
113	Spectrogram 1	1	15.306666666666667	15.413333333333334	20132.8125	20742.1875
114	Spectrogram 1	1	15.306666666666667	15.637333333333334	16875.0	17531.25
115	Spectrogram 1	1	15.370666666666667	15.52	3843.75	4406.25
116	Spectrogram 1	1	15.424	15.84	11601.5625	12796.875
117	Spectrogram 1	1	15.498666666666667	15.797333333333333	22804.6875	24000.0
118	Spectrogram 1	1	15.530666666666667	15.797333333333333	19078.125	19476.5625
119	Spectrogram 1	1	15.584	15.722666666666667	20250.0	20835.9375
120	Spectrogram 1	1	15.605333333333334	15.765333333333333	18187.5	18867.1875
121	Spectrogram 1	1	15.765333333333333	15.936	12632.8125	13500.0
122	Spectrogram 1	1	15.861333333333333	16.0	23531.25	24000.0
123	Spectrogram 1	1	15.914666666666667	17.962666666666667	11109.375	13007.8125
124	Spectrogram 1	1	16.72533333333333	17.098666666666666	3632.8125	5765.625
125	Spectrogram 1	1	16.75733333333333	16.917333333333332	9796.875	10218.75
126	Spectrogram 1	1	16.874666666666666	17.034666666666666	15890.625	16312.5
127	Spectrogram 1	1	17.429333333333332	17.653333333333332	8414.0625	9023.4375
128	Spectrogram 1	1	17.472	17.728	22148.4375	22640.625
129	Spectrogram 1	1	17.504	17.909333333333333	1664.0625	2250.0
130	Spectrogram 1	1	17.589333333333332	18.026666666666667	16875.0	18937.5
131	Spectrogram 1	1	17.6	17.792	21539.0625	21914.0625
132	Spectrogram 1	1	17.664	17.962666666666667	23601.5625	24000.0
133	Spectrogram 1	1	17.749333333333333	17.909333333333333	20273.4375	21093.75
134	Spectrogram 1	1	17.749333333333333	17.994666666666667	12375.0	13664.0625
135	Spectrogram 1	1	18.08	18.293333333333333	3960.9375	6140.625
136	Spectrogram 1	1	18.357333333333333	18.634666666666668	9656.25	10242.1875
137	Spectrogram 1	1	18.368	18.549333333333333	5625.0	6093.75
138	Spectrogram 1	1	18.56	18.688	4195.3125	5648.4375
139	Spectrogram 1	1	18.773333333333333	18.986666666666668	9703.125	10312.5
140	Spectrogram 1	1	19.872	20.170666666666666	1875.0	2343.75
141	Spectrogram 1	1	20.672	20.864	8460.9375	8765.625
142	Spectrogram 1	1	20.8	21.216	632.8125	1125.0
143	Spectrogram 1	1	20.906666666666666	21.536	14015.625	14507.8125
144	Spectrogram 1	1	21.12	22.250666666666667	8226.5625	9398.4375
145	Spectrogram 1	1	21.621333333333332	21.952	14039.0625	14554.6875
146	Spectrogram 1	1	21.674666666666667	21.888	9656.25	10312.5
147	Spectrogram 1	1	21.888	22.069333333333333	1054.6875	1382.8125
148	Spectrogram 1	1	22.048	22.218666666666667	14062.5	14484.375
149	Spectrogram 1	1	22.112	22.24	9843.75	10640.625
150	Spectrogram 1	1	22.421333333333333	22.826666666666668	539.0625	960.9375
151	Spectrogram 1	1	23.776	23.904	8460.9375	8953.125
152	Spectrogram 1	1	23.808	25.738666666666667	46.875	1289.0625
153	Spectrogram 1	1	23.936	25.248	13875.0	15000.0
154	Spectrogram 1	1	24.021333333333335	24.544	9796.875	10546.875
155	Spectrogram 1	1	24.042666666666666	24.202666666666666	4125.0	4710.9375
156	Spectrogram 1	1	24.181333333333335	25.28	8320.3125	9468.75
157	Spectrogram 1	1	24.309333333333335	24.597333333333335	21187.5	21679.6875
158	Spectrogram 1	1	24.32	24.416	3726.5625	4382.8125
159	Spectrogram 1	1	24.394666666666666	24.501333333333335	1054.6875	1570.3125
160	Spectrogram 1	1	24.746666666666666	24.970666666666666	9679.6875	10382.8125
161	Spectrogram 1	1	24.746666666666666	24.970666666666666	4968.75	5601.5625
162	Spectrogram 1	1	25.525333333333332	25.781333333333333	4031.25	5460.9375
163	Spectrogram 1	1	25.866666666666667	25.962666666666667	4148.4375	5578.125
164	Spectrogram 1	1	26.922666666666668	27.285333333333334	492.1875	843.75
165	Spectrogram 1	1	26.933333333333334	28.586666666666666	13546.875	15539.0625
166	Spectrogram 1	1	27.317333333333334	27.466666666666665	9867.1875	10617.1875
167	Spectrogram 1	1	27.338666666666665	27.477333333333334	20695.3125	21234.375
168	Spectrogram 1	1	27.381333333333334	27.626666666666665	46.875	1078.125
169	Spectrogram 1	1	27.392	28.586666666666666	8296.875	9187.5
170	Spectrogram 1	1	27.456	27.637333333333334	21375.0	21796.875
171	Spectrogram 1	1	27.584	27.861333333333334	9703.125	10218.75
172	Spectrogram 1	1	27.648	27.818666666666665	17132.8125	17882.8125
173	Spectrogram 1	1	27.808	27.989333333333335	421.875	867.1875
174	Spectrogram 1	1	27.818666666666665	27.914666666666665	4640.625	5226.5625
175	Spectrogram 1	1	27.957333333333334	28.576	9609.375	10406.25
176	Spectrogram 1	1	28.341333333333335	28.522666666666666	20203.125	20554.6875
177	Spectrogram 1	1	28.341333333333335	28.82133333333333	23.4375	937.5
178	Spectrogram 1	1	28.8	29.354666666666667	3585.9375	5695.3125
179	Spectrogram 1	1	28.832	28.970666666666666	1710.9375	2578.125
180	Spectrogram 1	1	29.482666666666667	29.674666666666667	14859.375	15585.9375
181	Spectrogram 1	1	29.557333333333332	29.674666666666667	4031.25	5507.8125
182	Spectrogram 1	1	29.749333333333333	29.930666666666667	15281.25	16078.125
183	Spectrogram 1	1	29.770666666666667	29.888	11953.125	12515.625
184	Spectrogram 1	1	29.973333333333333	31.04	8367.1875	11015.625
185	Spectrogram 1	1	30.154666666666667	31.093333333333334	13992.1875	14859.375
186	Spectrogram 1	1	30.293333333333333	30.645333333333333	20578.125	22289.0625
187	Spectrogram 1	1	30.304	30.517333333333333	15515.625	16171.875
188	Spectrogram 1	1	30.378666666666668	30.624	16335.9375	16968.75
189	Spectrogram 1	1	30.613333333333333	30.762666666666668	11742.1875	12726.5625
190	Spectrogram 1	1	30.730666666666668	31.04	20554.6875	21679.6875
191	Spectrogram 1	1	30.730666666666668	30.858666666666668	12984.375	13500.0
192	Spectrogram 1	1	30.826666666666668	31.029333333333334	7195.3125	7570.3125
193	Spectrogram 1	1	31.136	31.27466666666667	3703.125	4476.5625
194	Spectrogram 1	1	31.744	31.936	4265.625	4781.25
195	Spectrogram 1	1	31.893333333333334	32.14933333333333	1757.8125	2179.6875
196	Spectrogram 1	1	32.245333333333335	32.78933333333333	9820.3125	10781.25
197	Spectrogram 1	1	32.373333333333335	32.72533333333333	20296.875	21609.375
198	Spectrogram 1	1	32.373333333333335	33.45066666666666	14015.625	14953.125
199	Spectrogram 1	1	32.394666666666666	32.736	17062.5	18468.75
200	Spectrogram 1	1	32.586666666666666	33.728	8367.1875	9164.0625
201	Spectrogram 1	1	32.608	32.74666666666667	15515.625	16148.4375
202	Spectrogram 1	1	32.81066666666667	33.248	5789.0625	6140.625
203	Spectrogram 1	1	32.864	33.23733333333333	9632.8125	10406.25
204	Spectrogram 1	1	32.87466666666667	33.717333333333336	7195.3125	7593.75
205	Spectrogram 1	1	32.885333333333335	33.077333333333335	13218.75	13523.4375
206	Spectrogram 1	1	33.397333333333336	33.54666666666667	9656.25	10195.3125
207	Spectrogram 1	1	33.525333333333336	33.68533333333333	14156.25	14554.6875
208	Spectrogram 1	1	33.696	33.87733333333333	3843.75	5695.3125
209	Spectrogram 1	1	33.728	33.834666666666664	1570.3125	2414.0625
210	Spectrogram 1	1	34.965333333333334	35.178666666666665	1312.5	2367.1875
211	Spectrogram 1	1	35.04	35.18933333333333	4031.25	5671.875
212	Spectrogram 1	1	35.424	36.448	13992.1875	14695.3125
213	Spectrogram 1	1	35.65866666666667	36.064	7195.3125	7593.75
214	Spectrogram 1	1	35.68	35.797333333333334	3820.3125	4335.9375
215	Spectrogram 1	1	35.690666666666665	36.8	8367.1875	9164.0625
216	Spectrogram 1	1	35.904	36.16	9726.5625	10617.1875
217	Spectrogram 1	1	35.925333333333334	36.128	5718.75	6117.1875
218	Spectrogram 1	1	36.394666666666666	36.66133333333333	9632.8125	10664.0625
219	Spectrogram 1	1	36.522666666666666	36.768	14039.0625	14484.375
220	Spectrogram 1	1	38.026666666666664	38.24	3914.0625	5695.3125
221	Spectrogram 1	1	38.037333333333336	38.218666666666664	1476.5625	2671.875
222	Spectrogram 1	1	38.112	38.208	8390.625	9421.875
223	Spectrogram 1	1	38.282666666666664	39.21066666666667	8296.875	9046.875
224	Spectrogram 1	1	38.4	38.624	9632.8125	10335.9375
225	Spectrogram 1	1	38.42133333333334	40.096	13992.1875	14742.1875
226	Spectrogram 1	1	38.496	38.976	5812.5	6117.1875
227	Spectrogram 1	1	38.592	38.76266666666667	4171.875	5390.625
228	Spectrogram 1	1	38.64533333333333	38.794666666666664	2226.5625	2601.5625
229	Spectrogram 1	1	38.922666666666665	39.06133333333333	9843.75	10312.5
230	Spectrogram 1	1	38.986666666666665	39.221333333333334	7195.3125	7570.3125
231	Spectrogram 1	1	39.285333333333334	40.08533333333333	8367.1875	9117.1875
232	Spectrogram 1	1	39.296	39.413333333333334	4007.8125	5765.625
233	Spectrogram 1	1	39.328	39.477333333333334	9562.5	10359.375
234	Spectrogram 1	1	39.57333333333333	39.89333333333333	9585.9375	10476.5625
235	Spectrogram 1	1	39.968	40.08533333333333	9843.75	10289.0625
236	Spectrogram 1	1	40.949333333333335	41.088	4054.6875	5437.5
237	Spectrogram 1	1	40.96	41.034666666666666	867.1875	1804.6875
238	Spectrogram 1	1	41.30133333333333	41.42933333333333	4125.0	5742.1875
239	Spectrogram 1	1	41.32266666666667	41.41866666666667	8390.625	9234.375
240	Spectrogram 1	1	41.76	41.856	4429.6875	5179.6875
241	Spectrogram 1	1	41.845333333333336	42.00533333333333	7593.75	7992.1875
242	Spectrogram 1	1	41.984	42.101333333333336	4734.375	5460.9375
243	Spectrogram 1	1	42.048	42.93333333333333	13921.875	15187.5
244	Spectrogram 1	1	42.13333333333333	42.282666666666664	9867.1875	10289.0625
245	Spectrogram 1	1	42.32533333333333	42.912	8343.75	9187.5
246	Spectrogram 1	1	42.37866666666667	42.752	7171.875	7546.875
247	Spectrogram 1	1	42.496	42.76266666666667	9773.4375	10335.9375
248	Spectrogram 1	1	42.76266666666667	42.86933333333333	1945.3125	2578.125
249	Spectrogram 1	1	43.01866666666667	43.178666666666665	4054.6875	5437.5
250	Spectrogram 1	1	44.04266666666667	44.17066666666667	8484.375	9164.0625
251	Spectrogram 1	1	44.096	45.536	13945.3125	15351.5625
252	Spectrogram 1	1	44.181333333333335	44.352	9679.6875	10312.5
253	Spectrogram 1	1	44.373333333333335	45.61066666666667	7898.4375	11250.0
254	Spectrogram 1	1	44.42666666666667	44.768	4125.0	5695.3125
255	Spectrogram 1	1	44.512	44.66133333333333	15281.25	15937.5
256	Spectrogram 1	1	44.906666666666666	45.29066666666667	20437.5	21023.4375
257	Spectrogram 1	1	45.00266666666667	45.22666666666667	21164.0625	21492.1875
258	Spectrogram 1	1	45.06666666666667	45.49333333333333	16898.4375	17507.8125
259	Spectrogram 1	1	45.344	45.525333333333336	7195.3125	7640.625
260	Spectrogram 1	1	45.41866666666667	45.504	20273.4375	20953.125
261	Spectrogram 1	1	45.536	45.80266666666667	3937.5	5390.625
262	Spectrogram 1	1	45.696	45.792	15515.625	16054.6875
263	Spectrogram 1	1	46.99733333333333	48.821333333333335	8320.3125	10710.9375
264	Spectrogram 1	1	47.050666666666665	47.306666666666665	9328.125	10851.5625
265	Spectrogram 1	1	47.06133333333333	47.232	1125.0	2390.625
266	Spectrogram 1	1	47.072	47.264	12820.3125	13500.0
267	Spectrogram 1	1	47.072	47.25333333333333	4078.125	5460.9375
268	Spectrogram 1	1	47.104	48.842666666666666	12914.0625	15398.4375
269	Spectrogram 1	1	47.434666666666665	48.0	5812.5	6140.625
270	Spectrogram 1	1	47.46666666666667	47.754666666666665	16851.5625	17976.5625
271	Spectrogram 1	1	47.552	48.0	20156.25	20929.6875
272	Spectrogram 1	1	47.605333333333334	48.032	23367.1875	24000.0
273	Spectrogram 1	1	47.808	47.97866666666667	4148.4375	5507.8125
274	Spectrogram 1	1	47.818666666666665	48.0	1921.875	3328.125
275	Spectrogram 1	1	47.84	48.0	16851.5625	17437.5
276	Spectrogram 1	1	47.91466666666667	48.053333333333335	16078.125	16640.625
277	Spectrogram 1	1	47.946666666666665	48.736	7195.3125	7593.75
278	Spectrogram 1	1	48.27733333333333	48.501333333333335	4218.75	4921.875
279	Spectrogram 1	1	48.544	48.74666666666667	9890.625	10687.5
280	Spectrogram 1	1	49.461333333333336	49.55733333333333	4523.4375	5132.8125
281	Spectrogram 1	1	50.304	50.4	4382.8125	5015.625
282	Spectrogram 1	1	50.69866666666667	51.050666666666665	9609.375	10312.5
283	Spectrogram 1	1	50.70933333333333	52.224	13125.0	14976.5625
284	Spectrogram 1	1	50.72	50.986666666666665	3937.5	6093.75
285	Spectrogram 1	1	50.74133333333333	52.21333333333333	8296.875	10664.0625
286	Spectrogram 1	1	50.794666666666664	50.93333333333333	2015.625	2460.9375
287	Spectrogram 1	1	50.794666666666664	50.95466666666667	421.875	1359.375
288	Spectrogram 1	1	51.04	51.50933333333333	7171.875	7617.1875
289	Spectrogram 1	1	51.168	51.552	4218.75	6093.75
290	Spectrogram 1	1	51.605333333333334	52.16	7171.875	7617.1875
291	Spectrogram 1	1	51.872	51.989333333333335	1664.0625	2437.5
292	Spectrogram 1	1	52.832	53.13066666666667	656.25	2648.4375
293	Spectrogram 1	1	52.85333333333333	53.013333333333335	3960.9375	5859.375
294	Spectrogram 1	1	53.504	53.6	4429.6875	5601.5625
295	Spectrogram 1	1	53.92	54.026666666666664	4500.0	5601.5625
296	Spectrogram 1	1	54.048	55.434666666666665	8296.875	9093.75
297	Spectrogram 1	1	54.101333333333336	54.63466666666667	14039.0625	14578.125
298	Spectrogram 1	1	54.144	54.70933333333333	7171.875	7523.4375
299	Spectrogram 1	1	54.45333333333333	54.63466666666667	9656.25	10335.9375
300	Spectrogram 1	1	54.592	54.77333333333333	4195.3125	5437.5
301	Spectrogram 1	1	54.752	55.157333333333334	14015.625	14507.8125
302	Spectrogram 1	1	54.858666666666664	55.114666666666665	9867.1875	10382.8125
303	Spectrogram 1	1	55.01866666666667	55.221333333333334	7125.0	7617.1875
304	Spectrogram 1	1	55.072	55.296	5835.9375	6140.625
305	Spectrogram 1	1	55.242666666666665	55.370666666666665	16898.4375	17718.75
306	Spectrogram 1	1	55.25333333333333	55.434666666666665	14085.9375	14531.25
307	Spectrogram 1	1	55.27466666666667	55.424	9656.25	10523.4375
308	Spectrogram 1	1	55.712	55.861333333333334	1289.0625	2320.3125
309	Spectrogram 1	1	55.72266666666667	55.882666666666665	4828.125	5554.6875
310	Spectrogram 1	1	55.72266666666667	55.882666666666665	4078.125	4617.1875
311	Spectrogram 1	1	57.397333333333336	57.568	4265.625	5835.9375
312	Spectrogram 1	1	57.589333333333336	58.83733333333333	8273.4375	9375.0
313	Spectrogram 1	1	57.6	58.08	14015.625	14484.375
314	Spectrogram 1	1	57.792	57.94133333333333	9632.8125	10335.9375
315	Spectrogram 1	1	57.81333333333333	57.93066666666667	16828.125	17320.3125
316	Spectrogram 1	1	57.81333333333333	58.090666666666664	7054.6875	7406.25
317	Spectrogram 1	1	58.12266666666667	58.336	9585.9375	10523.4375
318	Spectrogram 1	1	58.474666666666664	58.67733333333333	14085.9375	14554.6875
319	Spectrogram 1	1	58.48533333333334	58.69866666666667	9539.0625	10289.0625
320	Spectrogram 1	1	58.50666666666667	58.80533333333333	3796.875	6070.3125
