Selection	View	Channel	Begin Time (s)	End Time (s)	Low Freq (Hz)	High Freq (Hz)
1	Spectrogram 1	1	0.010666666666666666	0.224	12000.0	12421.875
2	Spectrogram 1	1	0.010666666666666666	0.45866666666666667	4804.6875	5625.0
3	Spectrogram 1	1	0.416	0.7573333333333333	6726.5625	7031.25
4	Spectrogram 1	1	0.416	3.7013333333333334	4710.9375	6140.625
5	Spectrogram 1	1	0.5546666666666666	0.9493333333333334	5835.9375	6187.5
6	Spectrogram 1	1	0.864	0.9706666666666667	6375.0	7031.25
7	Spectrogram 1	1	1.1946666666666668	1.6213333333333333	3328.125	4242.1875
8	Spectrogram 1	1	1.3226666666666667	1.6213333333333333	10945.3125	12867.1875
9	Spectrogram 1	1	1.696	2.005333333333333	6632.8125	7031.25
10	Spectrogram 1	1	2.1546666666666665	2.3146666666666667	6726.5625	7031.25
11	Spectrogram 1	1	2.3146666666666667	2.656	5906.25	7031.25
12	Spectrogram 1	1	2.453333333333333	2.6773333333333333	12093.75	12539.0625
13	Spectrogram 1	1	2.7413333333333334	2.9013333333333335	6468.75	7031.25
14	Spectrogram 1	1	3.3066666666666666	3.424	6585.9375	7031.25
15	Spectrogram 1	1	4.2026666666666666	4.384	11273.4375	11835.9375
16	Spectrogram 1	1	4.234666666666667	4.426666666666667	3750.0	4171.875
17	Spectrogram 1	1	4.256	4.490666666666667	5460.9375	6046.875
18	Spectrogram 1	1	5.546666666666667	5.824	11273.4375	13078.125
19	Spectrogram 1	1	5.568	5.770666666666667	3726.5625	4289.0625
20	Spectrogram 1	1	7.392	7.701333333333333	3726.5625	4476.5625
21	Spectrogram 1	1	7.434666666666667	7.690666666666667	11343.75	13171.875
22	Spectrogram 1	1	7.722666666666667	7.850666666666666	11039.0625	11507.8125
23	Spectrogram 1	1	8.64	9.098666666666666	3585.9375	4359.375
24	Spectrogram 1	1	8.789333333333333	9.088	11062.5	13242.1875
25	Spectrogram 1	1	10.272	10.730666666666666	11203.125	13078.125
26	Spectrogram 1	1	10.304	10.645333333333333	3351.5625	4171.875
27	Spectrogram 1	1	10.613333333333333	10.848	6328.125	6703.125
28	Spectrogram 1	1	11.690666666666667	11.786666666666667	10500.0	11812.5
29	Spectrogram 1	1	12.021333333333333	12.437333333333333	3351.5625	4265.625
30	Spectrogram 1	1	12.117333333333333	12.298666666666668	6257.8125	6726.5625
31	Spectrogram 1	1	12.149333333333333	12.469333333333333	11296.875	13171.875
32	Spectrogram 1	1	12.469333333333333	12.576	5507.8125	6046.875
33	Spectrogram 1	1	13.578666666666667	13.962666666666667	6140.625	6632.8125
34	Spectrogram 1	1	13.802666666666667	14.24	3398.4375	4312.5
35	Spectrogram 1	1	13.92	14.261333333333333	11203.125	12937.5
36	Spectrogram 1	1	15.061333333333334	15.2	1335.9375	3093.75
37	Spectrogram 1	1	15.146666666666667	15.456	9984.375	17765.625
38	Spectrogram 1	1	15.509333333333334	16.021333333333335	10382.8125	14484.375
39	Spectrogram 1	1	15.765333333333333	16.074666666666666	3726.5625	4546.875
40	Spectrogram 1	1	17.002666666666666	17.322666666666667	11437.5	13195.3125
41	Spectrogram 1	1	17.045333333333332	17.312	3585.9375	4523.4375
42	Spectrogram 1	1	17.290666666666667	17.6	8835.9375	9187.5
43	Spectrogram 1	1	17.482666666666667	17.632	2648.4375	2976.5625
44	Spectrogram 1	1	18.304	18.858666666666668	8835.9375	9210.9375
45	Spectrogram 1	1	18.592	18.773333333333333	10171.875	13453.125
46	Spectrogram 1	1	19.253333333333334	19.861333333333334	8859.375	9234.375
47	Spectrogram 1	1	19.264	19.488	2578.125	3093.75
48	Spectrogram 1	1	19.30666666666667	19.594666666666665	11390.625	13078.125
49	Spectrogram 1	1	19.30666666666667	19.573333333333334	3703.125	4523.4375
50	Spectrogram 1	1	19.914666666666665	20.192	5460.9375	6093.75
51	Spectrogram 1	1	20.48	20.778666666666666	11414.0625	13148.4375
52	Spectrogram 1	1	20.512	20.746666666666666	3703.125	4312.5
53	Spectrogram 1	1	20.682666666666666	21.322666666666667	8812.5	9210.9375
54	Spectrogram 1	1	21.376	21.770666666666667	5437.5	6000.0
55	Spectrogram 1	1	21.685333333333332	22.261333333333333	2671.875	3234.375
56	Spectrogram 1	1	22.304	22.570666666666668	11484.375	13031.25
57	Spectrogram 1	1	22.336	22.549333333333333	3726.5625	4570.3125
58	Spectrogram 1	1	22.442666666666668	22.645333333333333	2648.4375	3164.0625
59	Spectrogram 1	1	22.634666666666668	22.890666666666668	9937.5	15609.375
60	Spectrogram 1	1	22.794666666666668	23.008	2695.3125	3234.375
61	Spectrogram 1	1	22.816	23.082666666666668	6375.0	6679.6875
62	Spectrogram 1	1	22.88	23.488	8671.875	9187.5
63	Spectrogram 1	1	23.168	23.402666666666665	2695.3125	3164.0625
64	Spectrogram 1	1	23.786666666666665	24.192	5250.0	6070.3125
65	Spectrogram 1	1	23.882666666666665	24.085333333333335	2671.875	3187.5
66	Spectrogram 1	1	24.202666666666666	24.373333333333335	3867.1875	4570.3125
67	Spectrogram 1	1	24.224	24.618666666666666	2671.875	3210.9375
68	Spectrogram 1	1	24.245333333333335	24.394666666666666	11859.375	12867.1875
69	Spectrogram 1	1	24.864	25.493333333333332	8695.3125	9375.0
70	Spectrogram 1	1	25.557333333333332	26.026666666666667	11320.3125	13054.6875
71	Spectrogram 1	1	25.717333333333332	25.952	3726.5625	4148.4375
72	Spectrogram 1	1	25.76	26.026666666666667	2578.125	3257.8125
73	Spectrogram 1	1	26.293333333333333	26.570666666666668	2695.3125	3234.375
74	Spectrogram 1	1	26.368	26.944	8578.125	9304.6875
75	Spectrogram 1	1	26.730666666666668	26.976	2648.4375	3257.8125
76	Spectrogram 1	1	26.762666666666668	27.584	4992.1875	6210.9375
77	Spectrogram 1	1	27.11466666666667	28.010666666666665	2625.0	3257.8125
78	Spectrogram 1	1	27.413333333333334	27.68	11390.625	13101.5625
79	Spectrogram 1	1	27.466666666666665	27.68	3820.3125	4171.875
80	Spectrogram 1	1	28.117333333333335	28.352	2671.875	3257.8125
81	Spectrogram 1	1	28.661333333333335	29.184	8835.9375	9257.8125
82	Spectrogram 1	1	28.864	30.144	2578.125	3281.25
83	Spectrogram 1	1	28.981333333333332	29.28	11484.375	13031.25
84	Spectrogram 1	1	29.013333333333332	29.290666666666667	3773.4375	4218.75
85	Spectrogram 1	1	29.088	29.216	5390.625	5976.5625
86	Spectrogram 1	1	29.504	29.898666666666667	5132.8125	5578.125
87	Spectrogram 1	1	30.186666666666667	30.389333333333333	3726.5625	4171.875
88	Spectrogram 1	1	30.261333333333333	31.30666666666667	2695.3125	3304.6875
89	Spectrogram 1	1	30.474666666666668	30.762666666666668	11367.1875	12914.0625
90	Spectrogram 1	1	30.528	30.762666666666668	3773.4375	4171.875
91	Spectrogram 1	1	30.538666666666668	30.922666666666668	5367.1875	6117.1875
92	Spectrogram 1	1	30.986666666666668	31.605333333333334	8835.9375	9187.5
93	Spectrogram 1	1	31.445333333333334	32.032	2695.3125	3304.6875
94	Spectrogram 1	1	32.27733333333333	35.370666666666665	585.9375	3421.875
95	Spectrogram 1	1	32.544	33.12	5132.8125	5953.125
96	Spectrogram 1	1	32.68266666666667	32.906666666666666	11367.1875	13054.6875
97	Spectrogram 1	1	32.68266666666667	32.885333333333335	3773.4375	4195.3125
98	Spectrogram 1	1	33.141333333333336	33.68533333333333	8835.9375	9140.625
99	Spectrogram 1	1	34.037333333333336	34.44266666666667	9960.9375	13992.1875
100	Spectrogram 1	1	34.05866666666667	34.19733333333333	5835.9375	6257.8125
101	Spectrogram 1	1	34.26133333333333	34.38933333333333	3867.1875	4265.625
102	Spectrogram 1	1	34.272	34.56	4406.25	4828.125
103	Spectrogram 1	1	34.368	34.816	5296.875	6093.75
104	Spectrogram 1	1	34.730666666666664	35.349333333333334	8835.9375	9187.5
105	Spectrogram 1	1	35.157333333333334	35.33866666666667	10289.0625	14859.375
106	Spectrogram 1	1	35.477333333333334	36.138666666666666	2671.875	3281.25
107	Spectrogram 1	1	35.626666666666665	35.946666666666665	11320.3125	12960.9375
108	Spectrogram 1	1	35.76533333333333	35.946666666666665	3867.1875	4664.0625
109	Spectrogram 1	1	35.872	36.10666666666667	5132.8125	5554.6875
110	Spectrogram 1	1	36.192	36.864	5320.3125	5765.625
111	Spectrogram 1	1	36.27733333333333	37.23733333333333	2648.4375	3328.125
112	Spectrogram 1	1	36.59733333333333	37.205333333333336	8835.9375	9187.5
113	Spectrogram 1	1	37.04533333333333	37.35466666666667	11367.1875	12328.125
114	Spectrogram 1	1	37.12	37.344	3750.0	4195.3125
115	Spectrogram 1	1	37.36533333333333	38.154666666666664	2671.875	3304.6875
116	Spectrogram 1	1	37.68533333333333	37.909333333333336	5226.5625	5554.6875
117	Spectrogram 1	1	38.154666666666664	38.99733333333333	4500.0	6046.875
118	Spectrogram 1	1	38.29333333333334	38.538666666666664	2414.0625	3304.6875
119	Spectrogram 1	1	38.48533333333334	39.093333333333334	8742.1875	9234.375
120	Spectrogram 1	1	38.63466666666667	39.306666666666665	2671.875	3375.0
121	Spectrogram 1	1	38.666666666666664	38.93333333333333	3796.875	4335.9375
122	Spectrogram 1	1	38.688	38.95466666666667	11414.0625	12750.0
123	Spectrogram 1	1	39.818666666666665	40.202666666666666	5343.75	6210.9375
124	Spectrogram 1	1	40.010666666666665	40.202666666666666	2906.25	3351.5625
125	Spectrogram 1	1	40.384	40.714666666666666	2953.125	3328.125
126	Spectrogram 1	1	40.757333333333335	41.06666666666667	11250.0	13125.0
127	Spectrogram 1	1	40.778666666666666	41.034666666666666	3703.125	4312.5
128	Spectrogram 1	1	41.61066666666667	42.176	4476.5625	6070.3125
129	Spectrogram 1	1	41.94133333333333	42.410666666666664	11156.25	12867.1875
130	Spectrogram 1	1	41.952	42.4	3585.9375	4359.375
131	Spectrogram 1	1	42.05866666666667	42.25066666666667	2906.25	3328.125
132	Spectrogram 1	1	42.51733333333333	42.74133333333333	2671.875	3328.125
133	Spectrogram 1	1	42.794666666666664	42.922666666666665	4453.125	4898.4375
134	Spectrogram 1	1	43.33866666666667	43.63733333333333	2953.125	3375.0
135	Spectrogram 1	1	43.78666666666667	44.04266666666667	3796.875	4312.5
136	Spectrogram 1	1	43.797333333333334	44.08533333333333	11507.8125	12820.3125
137	Spectrogram 1	1	43.925333333333334	44.373333333333335	8859.375	9164.0625
138	Spectrogram 1	1	44.256	44.42666666666667	2976.5625	3328.125
139	Spectrogram 1	1	44.49066666666667	44.778666666666666	3632.8125	3937.5
140	Spectrogram 1	1	44.512	44.778666666666666	10593.75	12210.9375
141	Spectrogram 1	1	44.522666666666666	44.650666666666666	12656.25	13382.8125
142	Spectrogram 1	1	44.91733333333333	45.22666666666667	9093.75	9515.625
143	Spectrogram 1	1	45.461333333333336	45.728	11343.75	13171.875
144	Spectrogram 1	1	45.536	45.717333333333336	3773.4375	4359.375
145	Spectrogram 1	1	46.090666666666664	46.272	11578.125	12070.3125
146	Spectrogram 1	1	46.63466666666667	46.965333333333334	5343.75	5742.1875
147	Spectrogram 1	1	47.2	47.50933333333333	3632.8125	4804.6875
148	Spectrogram 1	1	47.242666666666665	47.477333333333334	11460.9375	13171.875
149	Spectrogram 1	1	47.91466666666667	48.256	5250.0	6070.3125
150	Spectrogram 1	1	49.42933333333333	49.792	5343.75	5976.5625
151	Spectrogram 1	1	49.54666666666667	49.824	11320.3125	12867.1875
152	Spectrogram 1	1	49.64266666666666	49.792	3820.3125	4218.75
153	Spectrogram 1	1	50.35733333333334	50.624	4546.875	5179.6875
154	Spectrogram 1	1	51.04	51.31733333333333	11460.9375	13078.125
155	Spectrogram 1	1	51.12533333333333	51.285333333333334	3820.3125	4289.0625
156	Spectrogram 1	1	51.541333333333334	52.21333333333333	4640.625	5226.5625
157	Spectrogram 1	1	51.584	51.84	2835.9375	3234.375
158	Spectrogram 1	1	51.872	52.224	5437.5	6023.4375
159	Spectrogram 1	1	52.245333333333335	52.928	9843.75	16593.75
160	Spectrogram 1	1	52.576	52.842666666666666	3632.8125	4289.0625
161	Spectrogram 1	1	52.704	52.832	12468.75	13054.6875
162	Spectrogram 1	1	53.06666666666667	53.248	2835.9375	3351.5625
163	Spectrogram 1	1	53.36533333333333	53.525333333333336	2789.0625	3281.25
164	Spectrogram 1	1	53.664	53.845333333333336	2882.8125	3328.125
165	Spectrogram 1	1	53.717333333333336	53.888	10148.4375	13007.8125
166	Spectrogram 1	1	54.05866666666667	54.26133333333333	2835.9375	3328.125
167	Spectrogram 1	1	54.06933333333333	54.346666666666664	3726.5625	4195.3125
168	Spectrogram 1	1	54.101333333333336	54.37866666666667	11296.875	12890.625
169	Spectrogram 1	1	54.38933333333333	54.90133333333333	2648.4375	3328.125
170	Spectrogram 1	1	54.656	55.456	4546.875	5226.5625
171	Spectrogram 1	1	55.08266666666667	55.264	2789.0625	3351.5625
172	Spectrogram 1	1	55.91466666666667	56.309333333333335	3679.6875	4265.625
173	Spectrogram 1	1	55.97866666666667	56.256	11437.5	13007.8125
174	Spectrogram 1	1	56.34133333333333	56.81066666666667	2882.8125	3375.0
175	Spectrogram 1	1	57.024	57.19466666666667	2929.6875	3351.5625
176	Spectrogram 1	1	57.077333333333335	58.72	5460.9375	6070.3125
177	Spectrogram 1	1	57.32266666666667	57.55733333333333	2882.8125	3375.0
178	Spectrogram 1	1	57.344	57.856	11250.0	12867.1875
179	Spectrogram 1	1	57.38666666666666	57.73866666666667	3632.8125	4265.625
180	Spectrogram 1	1	57.664	57.856	2835.9375	3351.5625
181	Spectrogram 1	1	57.952	58.432	2859.375	3351.5625
182	Spectrogram 1	1	58.165333333333336	58.858666666666664	4640.625	5296.875
183	Spectrogram 1	1	58.858666666666664	59.797333333333334	5085.9375	6023.4375
184	Spectrogram 1	1	58.858666666666664	59.242666666666665	2929.6875	3351.5625
185	Spectrogram 1	1	58.90133333333333	59.2	11250.0	13171.875
186	Spectrogram 1	1	58.944	59.178666666666665	3750.0	4195.3125
187	Spectrogram 1	1	59.33866666666667	59.50933333333333	2882.8125	3328.125
188	Spectrogram 1	1	59.40266666666667	59.989333333333335	4640.625	5015.625
189	Spectrogram 1	1	59.584	59.776	2835.9375	3351.5625
190	Spectrogram 1	1	59.808	59.989333333333335	5273.4375	6023.4375
191	Spectrogram 1	1	59.872	59.989333333333335	2695.3125	3398.4375
