Selection	View	Channel	Begin Time (s)	End Time (s)	Low Freq (Hz)	High Freq (Hz)
1	Spectrogram 1	1	0.5653333333333334	0.7146666666666667	4500.0	5015.625
2	Spectrogram 1	1	0.9173333333333333	1.216	4546.875	4898.4375
3	Spectrogram 1	1	1.4933333333333334	1.7813333333333334	4031.25	5765.625
4	Spectrogram 1	1	1.6213333333333333	1.7813333333333334	12351.5625	13218.75
5	Spectrogram 1	1	1.6213333333333333	1.7493333333333334	8882.8125	9656.25
6	Spectrogram 1	1	2.304	2.496	4523.4375	5039.0625
7	Spectrogram 1	1	3.6906666666666665	3.8506666666666667	12445.3125	13242.1875
8	Spectrogram 1	1	3.7013333333333334	3.8186666666666667	8859.375	9632.8125
9	Spectrogram 1	1	3.7013333333333334	3.872	4078.125	5835.9375
10	Spectrogram 1	1	3.9466666666666668	4.234666666666667	4476.5625	5015.625
11	Spectrogram 1	1	5.226666666666667	5.632	4500.0	5109.375
12	Spectrogram 1	1	5.706666666666667	5.984	4031.25	5718.75
13	Spectrogram 1	1	5.802666666666667	5.973333333333334	12421.875	13195.3125
14	Spectrogram 1	1	5.802666666666667	5.930666666666666	8906.25	9632.8125
15	Spectrogram 1	1	7.456	7.754666666666667	4031.25	6117.1875
16	Spectrogram 1	1	7.498666666666667	7.648	8812.5	9937.5
17	Spectrogram 1	1	7.509333333333333	7.722666666666667	12257.8125	13757.8125
18	Spectrogram 1	1	8.362666666666666	8.554666666666666	4500.0	5132.8125
19	Spectrogram 1	1	9.322666666666667	9.738666666666667	3890.625	5835.9375
20	Spectrogram 1	1	9.386666666666667	9.696	12187.5	13242.1875
21	Spectrogram 1	1	9.525333333333334	9.653333333333334	8859.375	9820.3125
22	Spectrogram 1	1	11.178666666666667	11.296	8835.9375	9398.4375
23	Spectrogram 1	1	11.434666666666667	11.658666666666667	4054.6875	5742.1875
24	Spectrogram 1	1	11.509333333333334	11.658666666666667	12351.5625	13265.625
25	Spectrogram 1	1	11.509333333333334	11.626666666666667	8812.5	9679.6875
26	Spectrogram 1	1	12.426666666666666	12.544	12210.9375	12773.4375
27	Spectrogram 1	1	12.437333333333333	12.64	4453.125	5226.5625
28	Spectrogram 1	1	12.736	12.853333333333333	4617.1875	5062.5
29	Spectrogram 1	1	13.450666666666667	13.813333333333333	4054.6875	5789.0625
30	Spectrogram 1	1	13.482666666666667	13.653333333333334	12421.875	13265.625
31	Spectrogram 1	1	13.493333333333334	13.813333333333333	8859.375	9679.6875
32	Spectrogram 1	1	14.005333333333333	14.144	4523.4375	5179.6875
33	Spectrogram 1	1	14.464	14.549333333333333	12140.625	12726.5625
34	Spectrogram 1	1	14.464	14.602666666666666	4500.0	4875.0
35	Spectrogram 1	1	14.869333333333334	15.008	4523.4375	4992.1875
36	Spectrogram 1	1	15.434666666666667	15.594666666666667	12398.4375	13218.75
37	Spectrogram 1	1	15.434666666666667	15.573333333333334	8812.5	10007.8125
38	Spectrogram 1	1	15.434666666666667	15.829333333333333	4054.6875	5835.9375
39	Spectrogram 1	1	16.490666666666666	16.714666666666666	4500.0	5062.5
40	Spectrogram 1	1	16.88533333333333	17.077333333333332	4476.5625	5109.375
41	Spectrogram 1	1	17.28	17.493333333333332	3984.375	5859.375
42	Spectrogram 1	1	17.290666666666667	17.472	12210.9375	13734.375
43	Spectrogram 1	1	17.312	17.44	8835.9375	9843.75
44	Spectrogram 1	1	17.344	17.429333333333332	10148.4375	10804.6875
45	Spectrogram 1	1	18.176	18.325333333333333	4523.4375	5062.5
46	Spectrogram 1	1	19.061333333333334	19.573333333333334	4054.6875	5812.5
47	Spectrogram 1	1	19.093333333333334	19.2	11953.125	12796.875
48	Spectrogram 1	1	19.36	19.52	8835.9375	9796.875
49	Spectrogram 1	1	19.381333333333334	19.541333333333334	12398.4375	13804.6875
50	Spectrogram 1	1	19.882666666666665	20.042666666666666	4500.0	5015.625
51	Spectrogram 1	1	21.397333333333332	21.6	11695.3125	13382.8125
52	Spectrogram 1	1	21.450666666666667	21.568	8835.9375	10101.5625
53	Spectrogram 1	1	22.421333333333333	22.538666666666668	4500.0	4921.875
54	Spectrogram 1	1	23.402666666666665	23.562666666666665	12140.625	13617.1875
55	Spectrogram 1	1	23.402666666666665	23.552	8812.5	9820.3125
56	Spectrogram 1	1	23.402666666666665	23.594666666666665	3984.375	5859.375
57	Spectrogram 1	1	24.672	24.78933333333333	4546.875	5062.5
58	Spectrogram 1	1	25.056	25.258666666666667	4640.625	4945.3125
59	Spectrogram 1	1	25.397333333333332	25.76	4078.125	5742.1875
60	Spectrogram 1	1	25.6	25.749333333333333	12398.4375	13734.375
61	Spectrogram 1	1	25.6	25.717333333333332	8812.5	9679.6875
62	Spectrogram 1	1	26.229333333333333	26.421333333333333	4429.6875	5109.375
63	Spectrogram 1	1	26.282666666666668	26.410666666666668	8835.9375	9281.25
64	Spectrogram 1	1	26.688	27.04	4523.4375	4898.4375
65	Spectrogram 1	1	27.722666666666665	27.893333333333334	12187.5	13734.375
66	Spectrogram 1	1	27.722666666666665	27.893333333333334	4031.25	5835.9375
67	Spectrogram 1	1	27.733333333333334	27.872	8812.5	9679.6875
68	Spectrogram 1	1	28.117333333333335	28.394666666666666	4476.5625	5203.125
69	Spectrogram 1	1	28.554666666666666	28.736	4546.875	5039.0625
70	Spectrogram 1	1	29.056	29.173333333333332	8859.375	9328.125
71	Spectrogram 1	1	29.056	29.205333333333332	4429.6875	5085.9375
72	Spectrogram 1	1	29.290666666666667	29.632	4007.8125	5765.625
73	Spectrogram 1	1	29.493333333333332	29.632	12375.0	13734.375
74	Spectrogram 1	1	29.493333333333332	29.610666666666667	8859.375	9585.9375
75	Spectrogram 1	1	30.154666666666667	30.261333333333333	4523.4375	4992.1875
76	Spectrogram 1	1	30.954666666666668	31.157333333333334	4476.5625	5062.5
77	Spectrogram 1	1	31.413333333333334	31.541333333333334	8859.375	9351.5625
78	Spectrogram 1	1	31.424	31.808	4007.8125	5718.75
79	Spectrogram 1	1	31.648	31.797333333333334	12351.5625	13218.75
80	Spectrogram 1	1	31.658666666666665	31.776	8835.9375	9679.6875
81	Spectrogram 1	1	32.0	32.330666666666666	4476.5625	5273.4375
82	Spectrogram 1	1	32.053333333333335	32.202666666666666	12093.75	12843.75
83	Spectrogram 1	1	32.053333333333335	32.245333333333335	3843.75	4312.5
84	Spectrogram 1	1	33.44	34.22933333333334	3820.3125	6187.5
85	Spectrogram 1	1	33.504	34.208	8812.5	13781.25
86	Spectrogram 1	1	33.973333333333336	34.176	9585.9375	10054.6875
87	Spectrogram 1	1	34.858666666666664	34.99733333333333	4500.0	4898.4375
88	Spectrogram 1	1	35.264	35.63733333333333	4031.25	5765.625
89	Spectrogram 1	1	35.392	35.562666666666665	12351.5625	13335.9375
90	Spectrogram 1	1	35.40266666666667	35.53066666666667	8835.9375	9585.9375
91	Spectrogram 1	1	35.754666666666665	37.04533333333333	3820.3125	6117.1875
92	Spectrogram 1	1	35.946666666666665	36.85333333333333	10265.625	13617.1875
93	Spectrogram 1	1	36.68266666666667	36.821333333333335	9445.3125	10054.6875
94	Spectrogram 1	1	37.397333333333336	37.70666666666666	4523.4375	5132.8125
95	Spectrogram 1	1	37.93066666666667	38.13333333333333	4523.4375	5109.375
96	Spectrogram 1	1	38.016	38.13333333333333	12023.4375	12773.4375
97	Spectrogram 1	1	38.538666666666664	39.296	3960.9375	6117.1875
98	Spectrogram 1	1	38.688	39.285333333333334	10265.625	13570.3125
99	Spectrogram 1	1	39.093333333333334	39.25333333333333	9468.75	10054.6875
100	Spectrogram 1	1	39.872	40.36266666666667	4476.5625	5085.9375
101	Spectrogram 1	1	40.778666666666666	41.48266666666667	3843.75	6117.1875
102	Spectrogram 1	1	40.885333333333335	41.472	11976.5625	13734.375
103	Spectrogram 1	1	41.269333333333336	41.42933333333333	9328.125	10078.125
104	Spectrogram 1	1	42.25066666666667	42.35733333333334	4546.875	5015.625
105	Spectrogram 1	1	42.76266666666667	43.91466666666667	3843.75	6187.5
106	Spectrogram 1	1	43.008	43.605333333333334	10289.0625	13640.625
107	Spectrogram 1	1	43.424	43.53066666666667	9492.1875	10054.6875
108	Spectrogram 1	1	44.330666666666666	44.42666666666667	12140.625	12679.6875
109	Spectrogram 1	1	45.024	45.19466666666667	4476.5625	5109.375
110	Spectrogram 1	1	45.312	46.037333333333336	3843.75	6164.0625
111	Spectrogram 1	1	45.41866666666667	46.026666666666664	11976.5625	13617.1875
112	Spectrogram 1	1	45.845333333333336	45.99466666666667	9351.5625	10078.125
113	Spectrogram 1	1	47.14666666666667	47.25333333333333	4570.3125	5132.8125
114	Spectrogram 1	1	47.31733333333333	47.605333333333334	4476.5625	5109.375
115	Spectrogram 1	1	47.744	48.49066666666667	3867.1875	6351.5625
116	Spectrogram 1	1	47.95733333333333	48.458666666666666	10265.625	11742.1875
117	Spectrogram 1	1	48.032	48.48	12000.0	13664.0625
118	Spectrogram 1	1	48.309333333333335	48.437333333333335	9304.6875	10031.25
119	Spectrogram 1	1	48.68266666666667	48.949333333333335	4453.125	5320.3125
120	Spectrogram 1	1	48.714666666666666	48.842666666666666	11906.25	12632.8125
121	Spectrogram 1	1	50.37866666666667	51.093333333333334	3820.3125	6281.25
122	Spectrogram 1	1	50.48533333333334	51.06133333333333	8906.25	13851.5625
123	Spectrogram 1	1	51.70133333333333	51.989333333333335	4523.4375	4945.3125
124	Spectrogram 1	1	53.12	53.62133333333333	8882.8125	13828.125
125	Spectrogram 1	1	53.973333333333336	54.12266666666667	4546.875	4898.4375
126	Spectrogram 1	1	54.67733333333333	54.784	11976.5625	12773.4375
127	Spectrogram 1	1	54.688	55.050666666666665	4500.0	5179.6875
128	Spectrogram 1	1	55.33866666666667	56.29866666666667	3820.3125	6281.25
129	Spectrogram 1	1	55.50933333333333	56.0	10242.1875	13734.375
130	Spectrogram 1	1	55.797333333333334	55.968	9234.375	10078.125
131	Spectrogram 1	1	56.650666666666666	56.768	12140.625	12796.875
132	Spectrogram 1	1	56.66133333333333	56.78933333333333	4523.4375	5156.25
133	Spectrogram 1	1	57.73866666666667	58.474666666666664	3796.875	6257.8125
134	Spectrogram 1	1	57.86666666666667	58.37866666666667	10218.75	13687.5
135	Spectrogram 1	1	58.176	58.32533333333333	9281.25	10054.6875
136	Spectrogram 1	1	59.456	59.754666666666665	4523.4375	5039.0625
