Selection	View	Channel	Begin Time (s)	End Time (s)	Low Freq (Hz)	High Freq (Hz)
1	Spectrogram 1	1	0.21333333333333335	0.7146666666666667	8296.875	8859.375
2	Spectrogram 1	1	1.5146666666666666	1.792	8296.875	8671.875
3	Spectrogram 1	1	2.784	2.9546666666666668	1570.3125	2906.25
4	Spectrogram 1	1	3.264	3.445333333333333	1593.75	2789.0625
5	Spectrogram 1	1	5.173333333333333	5.322666666666667	15375.0	15796.875
6	Spectrogram 1	1	6.624	6.741333333333333	1640.625	2578.125
7	Spectrogram 1	1	7.061333333333334	7.2	1734.375	2273.4375
8	Spectrogram 1	1	8.096	8.618666666666666	18515.625	18820.3125
9	Spectrogram 1	1	8.576	8.714666666666666	2437.5	2929.6875
10	Spectrogram 1	1	9.877333333333333	10.026666666666667	1593.75	2812.5
11	Spectrogram 1	1	10.837333333333333	11.029333333333334	1406.25	2250.0
12	Spectrogram 1	1	10.901333333333334	11.093333333333334	2531.25	2835.9375
13	Spectrogram 1	1	11.050666666666666	11.178666666666667	8484.375	8859.375
14	Spectrogram 1	1	11.317333333333334	11.477333333333334	1570.3125	2812.5
15	Spectrogram 1	1	12.554666666666666	12.778666666666666	890.625	1242.1875
16	Spectrogram 1	1	12.586666666666666	12.789333333333333	1617.1875	2718.75
17	Spectrogram 1	1	13.930666666666667	14.101333333333333	890.625	1289.0625
18	Spectrogram 1	1	14.56	14.72	2695.3125	3140.625
19	Spectrogram 1	1	14.805333333333333	15.210666666666667	18445.3125	18820.3125
20	Spectrogram 1	1	15.114666666666666	15.242666666666667	1687.5	2296.875
21	Spectrogram 1	1	15.296	15.477333333333334	18304.6875	18796.875
22	Spectrogram 1	1	15.488	15.637333333333334	1570.3125	2343.75
23	Spectrogram 1	1	15.605333333333334	16.064	17695.3125	18140.625
24	Spectrogram 1	1	15.733333333333333	15.882666666666667	8156.25	8882.8125
25	Spectrogram 1	1	15.829333333333333	16.021333333333335	18375.0	18843.75
26	Spectrogram 1	1	16.746666666666666	17.344	17859.375	18210.9375
27	Spectrogram 1	1	17.024	17.109333333333332	1546.875	2226.5625
28	Spectrogram 1	1	17.056	17.344	11812.5	12140.625
29	Spectrogram 1	1	17.248	17.429333333333332	18914.0625	19523.4375
30	Spectrogram 1	1	17.418666666666667	17.610666666666667	1476.5625	2882.8125
31	Spectrogram 1	1	17.813333333333333	18.4	17859.375	18375.0
32	Spectrogram 1	1	18.197333333333333	18.389333333333333	1546.875	2859.375
33	Spectrogram 1	1	18.496	18.912	17929.6875	18445.3125
34	Spectrogram 1	1	18.922666666666668	19.14666666666667	18117.1875	18562.5
35	Spectrogram 1	1	19.36	20.085333333333335	8812.5	10757.8125
36	Spectrogram 1	1	19.424	19.616	1523.4375	2835.9375
37	Spectrogram 1	1	19.573333333333334	19.925333333333334	13218.75	14039.0625
38	Spectrogram 1	1	19.690666666666665	19.861333333333334	5039.0625	5367.1875
39	Spectrogram 1	1	19.786666666666665	20.021333333333335	6632.8125	7195.3125
40	Spectrogram 1	1	20.053333333333335	20.192	1195.3125	1664.0625
41	Spectrogram 1	1	20.202666666666666	20.384	9656.25	10453.125
42	Spectrogram 1	1	20.48	20.608	1476.5625	2320.3125
43	Spectrogram 1	1	20.714666666666666	20.917333333333332	2882.8125	3187.5
44	Spectrogram 1	1	20.906666666666666	21.034666666666666	1617.1875	2250.0
45	Spectrogram 1	1	20.981333333333332	21.162666666666667	937.5	1312.5
46	Spectrogram 1	1	21.28	21.44	1429.6875	2484.375
47	Spectrogram 1	1	21.397333333333332	21.621333333333332	820.3125	1218.75
48	Spectrogram 1	1	21.717333333333332	21.888	1500.0	2812.5
49	Spectrogram 1	1	21.781333333333333	22.112	6726.5625	7054.6875
50	Spectrogram 1	1	21.941333333333333	22.314666666666668	796.875	2835.9375
51	Spectrogram 1	1	21.962666666666667	22.154666666666667	5742.1875	6281.25
52	Spectrogram 1	1	22.186666666666667	22.378666666666668	17203.125	17882.8125
53	Spectrogram 1	1	22.485333333333333	22.645333333333333	4429.6875	4828.125
54	Spectrogram 1	1	22.56	22.752	1546.875	2812.5
55	Spectrogram 1	1	23.84	24.021333333333335	914.0625	1335.9375
56	Spectrogram 1	1	23.893333333333334	24.096	1500.0	2882.8125
57	Spectrogram 1	1	23.904	24.074666666666666	6726.5625	7031.25
58	Spectrogram 1	1	24.917333333333332	25.024	1687.5	2273.4375
59	Spectrogram 1	1	25.173333333333332	25.301333333333332	843.75	1242.1875
60	Spectrogram 1	1	25.28	25.461333333333332	1476.5625	2812.5
61	Spectrogram 1	1	26.037333333333333	26.762666666666668	6609.375	7007.8125
62	Spectrogram 1	1	26.4	26.506666666666668	1593.75	2390.625
63	Spectrogram 1	1	26.645333333333333	26.912	1031.25	2929.6875
64	Spectrogram 1	1	27.17866666666667	27.381333333333334	1523.4375	2789.0625
65	Spectrogram 1	1	27.552	27.712	1523.4375	2718.75
66	Spectrogram 1	1	27.616	27.882666666666665	6679.6875	6984.375
67	Spectrogram 1	1	27.84	28.362666666666666	9000.0	10781.25
68	Spectrogram 1	1	27.989333333333335	28.138666666666666	6632.8125	6960.9375
69	Spectrogram 1	1	28.021333333333335	28.138666666666666	1523.4375	2390.625
70	Spectrogram 1	1	28.224	28.533333333333335	4031.25	5976.5625
71	Spectrogram 1	1	28.405333333333335	28.522666666666666	6375.0	6960.9375
72	Spectrogram 1	1	28.544	28.72533333333333	1429.6875	2859.375
73	Spectrogram 1	1	28.661333333333335	29.418666666666667	6632.8125	7007.8125
74	Spectrogram 1	1	28.778666666666666	29.002666666666666	13453.125	14156.25
75	Spectrogram 1	1	28.938666666666666	29.109333333333332	1593.75	2250.0
76	Spectrogram 1	1	28.981333333333332	29.173333333333332	12046.875	12843.75
77	Spectrogram 1	1	29.322666666666667	30.144	11929.6875	14226.5625
78	Spectrogram 1	1	29.333333333333332	29.493333333333332	1640.625	2882.8125
79	Spectrogram 1	1	29.44	29.621333333333332	11203.125	11531.25
80	Spectrogram 1	1	29.984	30.208	1523.4375	2906.25
81	Spectrogram 1	1	30.197333333333333	30.869333333333334	13265.625	14625.0
82	Spectrogram 1	1	30.410666666666668	30.592	1617.1875	2882.8125
83	Spectrogram 1	1	30.421333333333333	30.613333333333333	12140.625	12937.5
84	Spectrogram 1	1	30.752	30.944	1546.875	2742.1875
85	Spectrogram 1	1	30.816	30.944	13265.625	13757.8125
86	Spectrogram 1	1	31.082666666666668	31.701333333333334	13382.8125	14531.25
87	Spectrogram 1	1	31.317333333333334	31.488	1406.25	2742.1875
88	Spectrogram 1	1	31.605333333333334	32.74666666666667	11789.0625	13031.25
89	Spectrogram 1	1	31.818666666666665	32.096	13546.875	13875.0
90	Spectrogram 1	1	31.936	32.032	1664.0625	2273.4375
91	Spectrogram 1	1	32.458666666666666	32.629333333333335	1593.75	2765.625
92	Spectrogram 1	1	32.61866666666667	33.344	13031.25	14507.8125
93	Spectrogram 1	1	32.81066666666667	33.06666666666667	843.75	1242.1875
94	Spectrogram 1	1	32.85333333333333	33.00266666666667	1523.4375	2718.75
95	Spectrogram 1	1	33.12	33.25866666666667	22687.5	23179.6875
96	Spectrogram 1	1	33.19466666666667	33.70666666666666	867.1875	1335.9375
97	Spectrogram 1	1	33.38666666666666	33.62133333333333	11320.3125	11835.9375
98	Spectrogram 1	1	33.49333333333333	33.70666666666666	1570.3125	2835.9375
99	Spectrogram 1	1	33.51466666666666	34.144	13453.125	14250.0
100	Spectrogram 1	1	33.589333333333336	34.165333333333336	11203.125	13453.125
101	Spectrogram 1	1	33.909333333333336	34.026666666666664	1921.875	2437.5
102	Spectrogram 1	1	34.016	34.272	820.3125	1335.9375
103	Spectrogram 1	1	34.176	34.304	1640.625	2273.4375
104	Spectrogram 1	1	34.37866666666667	34.61333333333334	13242.1875	13570.3125
105	Spectrogram 1	1	34.592	34.89066666666667	867.1875	1359.375
106	Spectrogram 1	1	34.752	34.912	14203.125	14554.6875
107	Spectrogram 1	1	34.76266666666667	34.89066666666667	22710.9375	23250.0
108	Spectrogram 1	1	35.008	35.392	12000.0	12773.4375
109	Spectrogram 1	1	35.008	35.46666666666667	9609.375	11671.875
110	Spectrogram 1	1	35.029333333333334	35.434666666666665	12960.9375	14554.6875
111	Spectrogram 1	1	35.53066666666667	35.82933333333333	9750.0	11343.75
112	Spectrogram 1	1	35.562666666666665	35.744	13687.5	14367.1875
113	Spectrogram 1	1	35.648	35.82933333333333	1453.125	2789.0625
114	Spectrogram 1	1	35.95733333333333	36.650666666666666	12960.9375	14460.9375
115	Spectrogram 1	1	36.181333333333335	36.352	890.625	2882.8125
116	Spectrogram 1	1	36.394666666666666	36.565333333333335	22406.25	22968.75
117	Spectrogram 1	1	36.416	36.61866666666667	12117.1875	12726.5625
118	Spectrogram 1	1	36.48	36.650666666666666	23367.1875	23929.6875
119	Spectrogram 1	1	36.61866666666667	36.778666666666666	1195.3125	2835.9375
120	Spectrogram 1	1	36.778666666666666	37.461333333333336	9515.625	11765.625
121	Spectrogram 1	1	37.57866666666666	38.38933333333333	13546.875	14625.0
122	Spectrogram 1	1	37.589333333333336	39.2	9562.5	11531.25
123	Spectrogram 1	1	37.664	38.282666666666664	12046.875	12867.1875
124	Spectrogram 1	1	37.81333333333333	37.973333333333336	1640.625	2765.625
125	Spectrogram 1	1	37.909333333333336	38.165333333333336	22171.875	23015.625
126	Spectrogram 1	1	38.165333333333336	38.272	1617.1875	2250.0
127	Spectrogram 1	1	38.57066666666667	38.784	13875.0	14203.125
128	Spectrogram 1	1	38.58133333333333	38.76266666666667	1453.125	2718.75
129	Spectrogram 1	1	38.624	38.794666666666664	14390.625	14906.25
130	Spectrogram 1	1	38.93333333333333	39.178666666666665	13523.4375	14273.4375
131	Spectrogram 1	1	38.95466666666667	40.04266666666667	11906.25	12820.3125
132	Spectrogram 1	1	39.008	39.14666666666667	12867.1875	13335.9375
133	Spectrogram 1	1	39.392	40.064	9656.25	11718.75
134	Spectrogram 1	1	39.40266666666667	40.032	13101.5625	14507.8125
135	Spectrogram 1	1	39.498666666666665	39.59466666666667	1617.1875	2250.0
136	Spectrogram 1	1	39.936	40.08533333333333	1570.3125	2765.625
137	Spectrogram 1	1	39.936	40.138666666666666	679.6875	1054.6875
138	Spectrogram 1	1	40.544	40.66133333333333	1687.5	2367.1875
139	Spectrogram 1	1	41.312	41.728	632.8125	2789.0625
140	Spectrogram 1	1	41.81333333333333	42.00533333333333	820.3125	1312.5
141	Spectrogram 1	1	41.888	42.048	1476.5625	2765.625
142	Spectrogram 1	1	42.464	42.64533333333333	1687.5	2835.9375
143	Spectrogram 1	1	42.70933333333333	42.83733333333333	726.5625	1218.75
144	Spectrogram 1	1	43.050666666666665	43.18933333333333	820.3125	1335.9375
145	Spectrogram 1	1	43.072	43.2	1500.0	2367.1875
146	Spectrogram 1	1	43.285333333333334	43.52	1101.5625	2085.9375
147	Spectrogram 1	1	43.818666666666665	43.936	773.4375	1265.625
148	Spectrogram 1	1	43.89333333333333	44.064	1476.5625	2835.9375
149	Spectrogram 1	1	44.27733333333333	44.544	1078.125	2859.375
150	Spectrogram 1	1	44.757333333333335	44.906666666666666	1546.875	2226.5625
151	Spectrogram 1	1	45.056	45.30133333333333	1593.75	2835.9375
152	Spectrogram 1	1	45.141333333333336	45.23733333333333	7640.625	8203.125
153	Spectrogram 1	1	45.45066666666666	45.653333333333336	656.25	1195.3125
154	Spectrogram 1	1	45.93066666666667	46.026666666666664	1617.1875	2226.5625
155	Spectrogram 1	1	46.346666666666664	46.496	1476.5625	2789.0625
156	Spectrogram 1	1	46.83733333333333	47.008	1546.875	2812.5
157	Spectrogram 1	1	47.06133333333333	47.296	15421.875	15796.875
158	Spectrogram 1	1	47.33866666666667	47.552	703.125	1195.3125
159	Spectrogram 1	1	47.70133333333333	47.882666666666665	796.875	1242.1875
160	Spectrogram 1	1	47.818666666666665	47.91466666666667	1640.625	2273.4375
161	Spectrogram 1	1	48.352	48.46933333333333	1593.75	2273.4375
162	Spectrogram 1	1	48.93866666666667	49.16266666666667	1546.875	2835.9375
163	Spectrogram 1	1	49.408	49.57866666666666	1593.75	2789.0625
164	Spectrogram 1	1	49.952	50.13333333333333	1640.625	2906.25
165	Spectrogram 1	1	50.432	51.08266666666667	585.9375	1429.6875
166	Spectrogram 1	1	50.976	51.104	6515.625	6914.0625
167	Spectrogram 1	1	51.029333333333334	51.12533333333333	7453.125	7968.75
168	Spectrogram 1	1	51.072	51.232	1500.0	2718.75
169	Spectrogram 1	1	51.18933333333333	51.370666666666665	6609.375	7148.4375
170	Spectrogram 1	1	51.50933333333333	51.690666666666665	1500.0	2718.75
171	Spectrogram 1	1	51.89333333333333	52.074666666666666	1570.3125	2812.5
172	Spectrogram 1	1	52.256	52.512	984.375	2835.9375
173	Spectrogram 1	1	52.27733333333333	52.522666666666666	585.9375	984.375
174	Spectrogram 1	1	52.714666666666666	53.333333333333336	6632.8125	6984.375
175	Spectrogram 1	1	53.024	53.25866666666667	1476.5625	2812.5
176	Spectrogram 1	1	53.408	55.12533333333333	6609.375	7007.8125
177	Spectrogram 1	1	53.41866666666667	53.54666666666667	1125.0	2296.875
178	Spectrogram 1	1	53.61066666666667	53.824	539.0625	984.375
179	Spectrogram 1	1	53.86666666666667	54.112	937.5	2414.0625
180	Spectrogram 1	1	54.026666666666664	54.154666666666664	4078.125	4734.375
181	Spectrogram 1	1	54.31466666666667	54.432	1593.75	2132.8125
182	Spectrogram 1	1	54.69866666666667	54.88	1476.5625	2812.5
183	Spectrogram 1	1	54.72	54.90133333333333	4101.5625	4617.1875
184	Spectrogram 1	1	55.093333333333334	55.328	1476.5625	2859.375
185	Spectrogram 1	1	55.2	55.40266666666667	6679.6875	7007.8125
186	Spectrogram 1	1	55.242666666666665	56.896	5296.875	7078.125
187	Spectrogram 1	1	55.264	55.434666666666665	4171.875	4757.8125
188	Spectrogram 1	1	55.488	59.989333333333335	8554.6875	11039.0625
189	Spectrogram 1	1	55.712	55.882666666666665	5179.6875	5601.5625
190	Spectrogram 1	1	55.776	56.064	726.5625	2812.5
191	Spectrogram 1	1	55.936	56.053333333333335	4289.0625	4828.125
192	Spectrogram 1	1	56.224	56.522666666666666	4242.1875	4921.875
193	Spectrogram 1	1	56.384	56.586666666666666	1218.75	2789.0625
194	Spectrogram 1	1	56.896	57.10933333333333	1523.4375	2882.8125
195	Spectrogram 1	1	56.98133333333333	58.922666666666665	5507.8125	7031.25
196	Spectrogram 1	1	57.35466666666667	57.536	1125.0	2367.1875
197	Spectrogram 1	1	57.408	57.55733333333333	5976.5625	6304.6875
198	Spectrogram 1	1	57.73866666666667	57.952	1617.1875	2812.5
199	Spectrogram 1	1	58.13333333333333	58.304	7570.3125	7898.4375
200	Spectrogram 1	1	58.26133333333333	58.44266666666667	1570.3125	2859.375
201	Spectrogram 1	1	58.61333333333334	58.752	4289.0625	4710.9375
202	Spectrogram 1	1	58.70933333333333	58.82666666666667	1570.3125	2320.3125
203	Spectrogram 1	1	59.104	59.370666666666665	1031.25	2859.375
204	Spectrogram 1	1	59.541333333333334	59.669333333333334	1476.5625	2367.1875
205	Spectrogram 1	1	59.59466666666667	59.776	6656.25	6960.9375
