Selection	View	Channel	Begin Time (s)	End Time (s)	Low Freq (Hz)	High Freq (Hz)
1	Spectrogram 1	1	0.39466666666666667	0.5333333333333333	16031.25	16640.625
2	Spectrogram 1	1	0.4053333333333333	0.6186666666666667	12210.9375	13617.1875
3	Spectrogram 1	1	0.576	1.0346666666666666	4007.8125	6257.8125
4	Spectrogram 1	1	0.704	1.0666666666666667	12000.0	13945.3125
5	Spectrogram 1	1	0.736	0.9706666666666667	8882.8125	10945.3125
6	Spectrogram 1	1	0.8426666666666667	1.0133333333333334	2835.9375	3234.375
7	Spectrogram 1	1	1.5146666666666666	1.664	2906.25	3257.8125
8	Spectrogram 1	1	1.6426666666666667	2.176	12140.625	13968.75
9	Spectrogram 1	1	1.7066666666666668	1.888	5273.4375	6187.5
10	Spectrogram 1	1	1.76	1.8773333333333333	9070.3125	9632.8125
11	Spectrogram 1	1	1.76	2.1973333333333334	4054.6875	6187.5
12	Spectrogram 1	1	1.9413333333333334	2.176	8882.8125	10781.25
13	Spectrogram 1	1	2.72	3.050666666666667	5179.6875	6187.5
14	Spectrogram 1	1	2.752	3.072	11953.125	13617.1875
15	Spectrogram 1	1	2.848	3.018666666666667	4007.8125	4898.4375
16	Spectrogram 1	1	2.9013333333333335	3.008	9023.4375	9960.9375
17	Spectrogram 1	1	2.912	3.029333333333333	10242.1875	10781.25
18	Spectrogram 1	1	2.9226666666666667	3.1146666666666665	2953.125	3257.8125
19	Spectrogram 1	1	3.3066666666666666	3.466666666666667	2953.125	3257.8125
20	Spectrogram 1	1	3.488	3.8293333333333335	4054.6875	6421.875
21	Spectrogram 1	1	3.5733333333333333	3.872	12281.25	13968.75
22	Spectrogram 1	1	3.5946666666666665	3.8506666666666667	8859.375	10898.4375
23	Spectrogram 1	1	3.6053333333333333	3.808	2906.25	3257.8125
24	Spectrogram 1	1	4.448	5.056	3960.9375	6164.0625
25	Spectrogram 1	1	4.522666666666667	5.024	11882.8125	14015.625
26	Spectrogram 1	1	4.565333333333333	4.725333333333333	2859.375	3281.25
27	Spectrogram 1	1	4.576	4.746666666666667	9843.75	10921.875
28	Spectrogram 1	1	4.576	5.013333333333334	8906.25	9585.9375
29	Spectrogram 1	1	4.586666666666667	4.810666666666667	20859.375	21515.625
30	Spectrogram 1	1	4.864	5.013333333333334	2882.8125	3281.25
31	Spectrogram 1	1	5.514666666666667	5.664	2882.8125	3281.25
32	Spectrogram 1	1	5.546666666666667	5.930666666666666	12046.875	14109.375
33	Spectrogram 1	1	5.589333333333333	5.930666666666666	4078.125	6070.3125
34	Spectrogram 1	1	5.642666666666667	5.898666666666666	10101.5625	10875.0
35	Spectrogram 1	1	6.421333333333333	6.741333333333333	5226.5625	6140.625
36	Spectrogram 1	1	6.474666666666667	6.741333333333333	4453.125	4945.3125
37	Spectrogram 1	1	6.506666666666667	6.773333333333333	11929.6875	13593.75
38	Spectrogram 1	1	7.061333333333334	7.210666666666667	2906.25	3281.25
39	Spectrogram 1	1	7.285333333333333	7.573333333333333	4078.125	4992.1875
40	Spectrogram 1	1	7.306666666666667	7.584	12093.75	14085.9375
41	Spectrogram 1	1	7.328	7.562666666666667	8882.8125	11250.0
42	Spectrogram 1	1	7.328	7.552	5203.125	6117.1875
43	Spectrogram 1	1	7.392	7.584	2765.625	3328.125
44	Spectrogram 1	1	8.213333333333333	8.778666666666666	3984.375	6421.875
45	Spectrogram 1	1	8.298666666666668	8.789333333333333	11789.0625	13945.3125
46	Spectrogram 1	1	8.32	8.490666666666666	2859.375	3351.5625
47	Spectrogram 1	1	8.341333333333333	8.778666666666666	8882.8125	11250.0
48	Spectrogram 1	1	8.352	8.469333333333333	15679.6875	16101.5625
49	Spectrogram 1	1	8.618666666666666	8.778666666666666	2859.375	3304.6875
50	Spectrogram 1	1	9.450666666666667	9.802666666666667	12210.9375	13570.3125
51	Spectrogram 1	1	9.525333333333334	9.632	5367.1875	5953.125
52	Spectrogram 1	1	9.973333333333333	10.314666666666668	3960.9375	6164.0625
53	Spectrogram 1	1	10.048	10.314666666666668	11812.5	14039.0625
54	Spectrogram 1	1	10.058666666666667	10.208	15679.6875	16078.125
55	Spectrogram 1	1	10.08	10.314666666666668	8906.25	10875.0
56	Spectrogram 1	1	10.314666666666668	10.485333333333333	2906.25	3328.125
57	Spectrogram 1	1	10.677333333333333	10.826666666666666	2859.375	3304.6875
58	Spectrogram 1	1	10.976	11.114666666666666	2906.25	3304.6875
59	Spectrogram 1	1	11.189333333333334	11.466666666666667	4078.125	4992.1875
60	Spectrogram 1	1	11.2	11.488	12093.75	13992.1875
61	Spectrogram 1	1	11.242666666666667	11.424	2835.9375	3351.5625
62	Spectrogram 1	1	11.253333333333334	11.456	8906.25	10828.125
63	Spectrogram 1	1	11.253333333333334	11.434666666666667	5203.125	6093.75
64	Spectrogram 1	1	11.850666666666667	12.394666666666666	2835.9375	3703.125
65	Spectrogram 1	1	12.021333333333333	12.618666666666666	3984.375	6281.25
66	Spectrogram 1	1	12.096	12.618666666666666	11859.375	14039.0625
67	Spectrogram 1	1	12.394666666666666	12.618666666666666	8929.6875	10898.4375
68	Spectrogram 1	1	12.576	12.757333333333333	2859.375	3304.6875
69	Spectrogram 1	1	13.578666666666667	13.728	2882.8125	3281.25
70	Spectrogram 1	1	13.770666666666667	14.176	5203.125	6304.6875
71	Spectrogram 1	1	13.792	14.229333333333333	11976.5625	14015.625
72	Spectrogram 1	1	13.845333333333333	14.090666666666667	2765.625	3328.125
73	Spectrogram 1	1	13.856	14.218666666666667	3984.375	4992.1875
74	Spectrogram 1	1	13.898666666666667	14.197333333333333	8859.375	10921.875
75	Spectrogram 1	1	14.165333333333333	14.346666666666666	3000.0	3304.6875
76	Spectrogram 1	1	14.933333333333334	15.573333333333334	2789.0625	6164.0625
77	Spectrogram 1	1	14.976	15.616	12000.0	13968.75
78	Spectrogram 1	1	15.029333333333334	15.242666666666667	8882.8125	10875.0
79	Spectrogram 1	1	15.424	15.562666666666667	4429.6875	4828.125
80	Spectrogram 1	1	15.434666666666667	15.744	9843.75	11179.6875
81	Spectrogram 1	1	15.808	16.192	9750.0	12023.4375
82	Spectrogram 1	1	16.042666666666666	16.554666666666666	8906.25	9656.25
83	Spectrogram 1	1	16.053333333333335	16.245333333333335	2835.9375	3656.25
84	Spectrogram 1	1	16.074666666666666	16.682666666666666	12187.5	13945.3125
85	Spectrogram 1	1	16.106666666666666	16.48	5203.125	5953.125
86	Spectrogram 1	1	16.128	16.512	4007.8125	5015.625
87	Spectrogram 1	1	16.32	16.608	9820.3125	11554.6875
88	Spectrogram 1	1	16.650666666666666	16.810666666666666	14460.9375	14789.0625
89	Spectrogram 1	1	16.672	16.832	2929.6875	3281.25
90	Spectrogram 1	1	16.981333333333332	17.248	5132.8125	6000.0
91	Spectrogram 1	1	16.992	17.184	2859.375	3304.6875
92	Spectrogram 1	1	17.162666666666667	17.354666666666667	6890.625	7453.125
93	Spectrogram 1	1	17.354666666666667	17.557333333333332	2929.6875	3304.6875
94	Spectrogram 1	1	17.365333333333332	17.557333333333332	5250.0	6093.75
95	Spectrogram 1	1	17.376	17.642666666666667	11929.6875	13570.3125
96	Spectrogram 1	1	17.482666666666667	17.653333333333332	9421.875	11695.3125
97	Spectrogram 1	1	17.728	17.909333333333333	6890.625	7429.6875
98	Spectrogram 1	1	17.994666666666667	18.24	2882.8125	3585.9375
99	Spectrogram 1	1	18.101333333333333	18.496	3960.9375	6164.0625
100	Spectrogram 1	1	18.122666666666667	18.4	12117.1875	13992.1875
101	Spectrogram 1	1	18.165333333333333	18.389333333333333	8929.6875	11179.6875
102	Spectrogram 1	1	18.293333333333333	18.464	2835.9375	3281.25
103	Spectrogram 1	1	18.336	18.517333333333333	6796.875	7429.6875
104	Spectrogram 1	1	18.837333333333333	19.04	6843.75	7429.6875
105	Spectrogram 1	1	18.912	19.392	11953.125	13640.625
106	Spectrogram 1	1	18.922666666666668	19.029333333333334	10031.25	11156.25
107	Spectrogram 1	1	18.944	19.328	4007.8125	6257.8125
108	Spectrogram 1	1	18.965333333333334	19.477333333333334	2906.25	3351.5625
109	Spectrogram 1	1	19.36	19.541333333333334	14390.625	14695.3125
110	Spectrogram 1	1	19.36	19.552	6843.75	7406.25
111	Spectrogram 1	1	19.882666666666665	20.074666666666666	6796.875	7382.8125
112	Spectrogram 1	1	19.925333333333334	20.256	4054.6875	5015.625
113	Spectrogram 1	1	19.936	20.224	12164.0625	13945.3125
114	Spectrogram 1	1	19.946666666666665	20.138666666666666	8906.25	11203.125
115	Spectrogram 1	1	19.946666666666665	20.138666666666666	2812.5	3328.125
116	Spectrogram 1	1	19.957333333333334	20.234666666666666	5203.125	6164.0625
117	Spectrogram 1	1	20.277333333333335	20.448	2953.125	3281.25
118	Spectrogram 1	1	20.426666666666666	20.597333333333335	14367.1875	14695.3125
119	Spectrogram 1	1	20.426666666666666	20.618666666666666	6773.4375	7382.8125
120	Spectrogram 1	1	20.88533333333333	21.194666666666667	5015.625	6164.0625
121	Spectrogram 1	1	20.928	21.152	14367.1875	14765.625
122	Spectrogram 1	1	20.928	21.109333333333332	2929.6875	3281.25
123	Spectrogram 1	1	20.938666666666666	21.429333333333332	11882.8125	13734.375
124	Spectrogram 1	1	20.938666666666666	21.141333333333332	6796.875	7382.8125
125	Spectrogram 1	1	21.013333333333332	21.184	4031.25	4851.5625
126	Spectrogram 1	1	21.301333333333332	21.450666666666667	10054.6875	11015.625
127	Spectrogram 1	1	21.418666666666667	21.6	14367.1875	14718.75
128	Spectrogram 1	1	21.429333333333332	21.632	6796.875	7382.8125
129	Spectrogram 1	1	21.802666666666667	22.165333333333333	4078.125	6140.625
130	Spectrogram 1	1	21.813333333333333	22.144	8953.125	10804.6875
131	Spectrogram 1	1	21.92	22.197333333333333	12281.25	14718.75
132	Spectrogram 1	1	21.92	22.112	6773.4375	7382.8125
133	Spectrogram 1	1	22.410666666666668	22.613333333333333	14367.1875	14742.1875
134	Spectrogram 1	1	22.410666666666668	22.602666666666668	6773.4375	7382.8125
135	Spectrogram 1	1	22.773333333333333	23.189333333333334	3773.4375	6398.4375
136	Spectrogram 1	1	22.794666666666668	23.2	8929.6875	14859.375
137	Spectrogram 1	1	22.890666666666668	23.136	6796.875	7382.8125
138	Spectrogram 1	1	23.456	23.701333333333334	6773.4375	7359.375
139	Spectrogram 1	1	23.861333333333334	24.309333333333335	11601.5625	14742.1875
140	Spectrogram 1	1	23.861333333333334	24.309333333333335	4101.5625	5015.625
141	Spectrogram 1	1	23.968	24.309333333333335	8976.5625	11273.4375
142	Spectrogram 1	1	23.989333333333335	24.213333333333335	6750.0	7382.8125
143	Spectrogram 1	1	24.501333333333335	24.736	6773.4375	7382.8125
144	Spectrogram 1	1	24.512	24.746666666666666	14343.75	14765.625
145	Spectrogram 1	1	24.82133333333333	25.173333333333332	5179.6875	6445.3125
146	Spectrogram 1	1	24.842666666666666	25.248	11367.1875	13781.25
147	Spectrogram 1	1	24.949333333333332	25.162666666666667	3984.375	4968.75
148	Spectrogram 1	1	24.992	25.226666666666667	9000.0	11156.25
149	Spectrogram 1	1	25.002666666666666	25.130666666666666	20179.6875	20601.5625
150	Spectrogram 1	1	25.002666666666666	25.173333333333332	14343.75	14742.1875
151	Spectrogram 1	1	25.034666666666666	25.162666666666667	6773.4375	7335.9375
152	Spectrogram 1	1	25.44	25.685333333333332	14320.3125	14718.75
153	Spectrogram 1	1	25.44	25.696	6726.5625	7382.8125
154	Spectrogram 1	1	25.802666666666667	26.090666666666667	12304.6875	14039.0625
155	Spectrogram 1	1	25.802666666666667	26.176	4101.5625	6093.75
156	Spectrogram 1	1	25.845333333333333	26.048	8976.5625	10945.3125
157	Spectrogram 1	1	26.432	26.666666666666668	6679.6875	7359.375
158	Spectrogram 1	1	26.442666666666668	26.677333333333333	14320.3125	14718.75
159	Spectrogram 1	1	26.592	27.168	3937.5	6375.0
160	Spectrogram 1	1	26.805333333333333	27.17866666666667	11859.375	14132.8125
161	Spectrogram 1	1	26.901333333333334	27.14666666666667	9984.375	10921.875
162	Spectrogram 1	1	26.933333333333334	27.168	8835.9375	9773.4375
163	Spectrogram 1	1	26.997333333333334	27.189333333333334	6796.875	7382.8125
164	Spectrogram 1	1	27.434666666666665	27.594666666666665	1265.625	1992.1875
165	Spectrogram 1	1	27.466666666666665	27.690666666666665	6750.0	7359.375
166	Spectrogram 1	1	27.488	27.68	14320.3125	14812.5
167	Spectrogram 1	1	27.562666666666665	27.797333333333334	5062.5	5414.0625
168	Spectrogram 1	1	27.936	28.085333333333335	9562.5	10523.4375
169	Spectrogram 1	1	27.957333333333334	28.117333333333335	4898.4375	5390.625
170	Spectrogram 1	1	27.978666666666665	28.181333333333335	6726.5625	7359.375
171	Spectrogram 1	1	28.234666666666666	28.554666666666666	8953.125	11226.5625
172	Spectrogram 1	1	28.245333333333335	29.024	11929.6875	14085.9375
173	Spectrogram 1	1	28.266666666666666	29.194666666666667	4054.6875	6304.6875
174	Spectrogram 1	1	28.469333333333335	28.72533333333333	14296.875	14742.1875
175	Spectrogram 1	1	28.490666666666666	28.72533333333333	6773.4375	7382.8125
176	Spectrogram 1	1	29.056	29.184	9984.375	11203.125
177	Spectrogram 1	1	29.077333333333332	29.301333333333332	6773.4375	7359.375
178	Spectrogram 1	1	29.610666666666667	30.005333333333333	12515.625	13968.75
179	Spectrogram 1	1	29.632	29.973333333333333	9679.6875	11203.125
180	Spectrogram 1	1	29.706666666666667	30.176	4101.5625	6140.625
181	Spectrogram 1	1	29.802666666666667	29.984	9000.0	9515.625
182	Spectrogram 1	1	29.898666666666667	30.165333333333333	14250.0	14671.875
183	Spectrogram 1	1	29.941333333333333	30.176	6726.5625	7359.375
184	Spectrogram 1	1	30.453333333333333	30.688	14226.5625	14742.1875
185	Spectrogram 1	1	30.453333333333333	30.688	6656.25	7359.375
186	Spectrogram 1	1	30.549333333333333	31.029333333333334	12023.4375	13781.25
187	Spectrogram 1	1	30.549333333333333	31.061333333333334	5203.125	6257.8125
188	Spectrogram 1	1	30.752	31.082666666666668	4031.25	4875.0
189	Spectrogram 1	1	30.784	31.2	14085.9375	14742.1875
190	Spectrogram 1	1	30.837333333333333	30.976	10265.625	10640.625
191	Spectrogram 1	1	31.477333333333334	31.925333333333334	12093.75	14671.875
192	Spectrogram 1	1	31.477333333333334	31.690666666666665	4125.0	6070.3125
193	Spectrogram 1	1	31.488	31.701333333333334	6656.25	7359.375
194	Spectrogram 1	1	31.530666666666665	31.68	9585.9375	10804.6875
195	Spectrogram 1	1	31.84	31.925333333333334	10382.8125	11062.5
196	Spectrogram 1	1	31.850666666666665	32.032	5742.1875	6328.125
197	Spectrogram 1	1	31.914666666666665	32.074666666666666	4195.3125	4898.4375
198	Spectrogram 1	1	32.0	32.224	6750.0	7335.9375
199	Spectrogram 1	1	32.34133333333333	32.74666666666667	11953.125	13289.0625
200	Spectrogram 1	1	32.501333333333335	32.714666666666666	14296.875	14812.5
201	Spectrogram 1	1	32.501333333333335	32.72533333333333	6726.5625	7335.9375
202	Spectrogram 1	1	32.565333333333335	32.704	4406.25	4828.125
203	Spectrogram 1	1	32.992	33.312	14203.125	14695.3125
204	Spectrogram 1	1	32.992	33.19466666666667	6773.4375	7335.9375
205	Spectrogram 1	1	33.12	33.45066666666666	11953.125	13992.1875
206	Spectrogram 1	1	33.184	33.45066666666666	4078.125	5015.625
207	Spectrogram 1	1	33.19466666666667	33.44	8976.5625	11554.6875
208	Spectrogram 1	1	33.205333333333336	33.41866666666667	5226.5625	6328.125
209	Spectrogram 1	1	33.216	33.36533333333333	2906.25	3421.875
210	Spectrogram 1	1	33.48266666666667	33.68533333333333	6796.875	7359.375
211	Spectrogram 1	1	33.984	34.19733333333333	6750.0	7335.9375
212	Spectrogram 1	1	34.037333333333336	34.144	9585.9375	10593.75
213	Spectrogram 1	1	34.101333333333336	34.56	11953.125	13617.1875
214	Spectrogram 1	1	34.24	34.54933333333334	4007.8125	4945.3125
215	Spectrogram 1	1	34.35733333333334	34.48533333333334	9140.625	9539.0625
216	Spectrogram 1	1	34.538666666666664	34.752	6750.0	7359.375
217	Spectrogram 1	1	35.04	35.232	12187.5	12585.9375
218	Spectrogram 1	1	35.306666666666665	35.498666666666665	6750.0	7335.9375
219	Spectrogram 1	1	35.477333333333334	35.733333333333334	12539.0625	13992.1875
220	Spectrogram 1	1	35.477333333333334	35.733333333333334	4101.5625	5015.625
221	Spectrogram 1	1	35.50933333333333	36.10666666666667	5179.6875	6164.0625
222	Spectrogram 1	1	35.52	35.690666666666665	10148.4375	10875.0
223	Spectrogram 1	1	35.52	35.712	8906.25	9726.5625
224	Spectrogram 1	1	35.818666666666665	36.138666666666666	11859.375	13664.0625
225	Spectrogram 1	1	35.82933333333333	36.064	14320.3125	14789.0625
226	Spectrogram 1	1	35.85066666666667	36.04266666666667	6773.4375	7335.9375
227	Spectrogram 1	1	35.925333333333334	36.08533333333333	4406.25	4875.0
228	Spectrogram 1	1	35.968	36.08533333333333	10265.625	11156.25
229	Spectrogram 1	1	36.384	36.576	6773.4375	7359.375
230	Spectrogram 1	1	36.842666666666666	37.056	6750.0	7359.375
231	Spectrogram 1	1	36.85333333333333	37.06666666666667	14296.875	14625.0
232	Spectrogram 1	1	36.970666666666666	37.30133333333333	12210.9375	13921.875
233	Spectrogram 1	1	37.013333333333335	37.28	4101.5625	6117.1875
234	Spectrogram 1	1	37.06666666666667	37.269333333333336	8976.5625	10968.75
235	Spectrogram 1	1	37.344	37.57866666666666	14226.5625	14671.875
236	Spectrogram 1	1	37.344	37.589333333333336	6679.6875	7382.8125
237	Spectrogram 1	1	37.77066666666666	38.496	4054.6875	5015.625
238	Spectrogram 1	1	37.824	38.51733333333333	5132.8125	6117.1875
239	Spectrogram 1	1	37.856	38.05866666666667	6726.5625	7359.375
240	Spectrogram 1	1	37.99466666666667	38.54933333333334	12000.0	13992.1875
241	Spectrogram 1	1	38.06933333333333	38.368	8929.6875	10968.75
242	Spectrogram 1	1	38.346666666666664	38.538666666666664	6773.4375	7359.375
243	Spectrogram 1	1	38.794666666666664	39.008	6750.0	7359.375
244	Spectrogram 1	1	38.80533333333333	39.008	14296.875	14648.4375
245	Spectrogram 1	1	39.104	39.552	12234.375	14062.5
246	Spectrogram 1	1	39.21066666666667	39.541333333333334	4101.5625	5015.625
247	Spectrogram 1	1	39.242666666666665	39.541333333333334	8929.6875	10875.0
248	Spectrogram 1	1	39.27466666666667	39.488	6750.0	7359.375
249	Spectrogram 1	1	39.63733333333333	39.818666666666665	4171.875	4968.75
250	Spectrogram 1	1	39.690666666666665	39.797333333333334	5296.875	5765.625
251	Spectrogram 1	1	39.76533333333333	39.97866666666667	6750.0	7359.375
252	Spectrogram 1	1	39.776	39.968	14296.875	14648.4375
253	Spectrogram 1	1	39.85066666666667	40.053333333333335	12140.625	12632.8125
254	Spectrogram 1	1	40.21333333333333	40.576	5226.5625	6257.8125
255	Spectrogram 1	1	40.224	40.586666666666666	11929.6875	13640.625
256	Spectrogram 1	1	40.224	40.330666666666666	9867.1875	11320.3125
257	Spectrogram 1	1	40.245333333333335	40.522666666666666	14250.0	14789.0625
258	Spectrogram 1	1	40.256	40.501333333333335	6726.5625	7312.5
259	Spectrogram 1	1	40.416	40.55466666666667	10054.6875	10968.75
260	Spectrogram 1	1	40.672	40.96	4078.125	6093.75
261	Spectrogram 1	1	40.68266666666667	41.19466666666667	12164.0625	14648.4375
262	Spectrogram 1	1	40.693333333333335	40.96	8929.6875	10945.3125
263	Spectrogram 1	1	40.757333333333335	40.96	6703.125	7335.9375
264	Spectrogram 1	1	41.22666666666667	41.49333333333333	6726.5625	7312.5
265	Spectrogram 1	1	41.25866666666667	41.472	14179.6875	14578.125
266	Spectrogram 1	1	41.64266666666666	42.144	4007.8125	6351.5625
267	Spectrogram 1	1	41.696	42.26133333333333	8835.9375	14835.9375
268	Spectrogram 1	1	41.77066666666666	41.984	6703.125	7335.9375
269	Spectrogram 1	1	41.888	42.08	3398.4375	3703.125
270	Spectrogram 1	1	42.56	42.70933333333333	9656.25	10992.1875
271	Spectrogram 1	1	42.57066666666667	42.784	6703.125	7312.5
272	Spectrogram 1	1	42.58133333333333	42.76266666666667	14039.0625	14601.5625
273	Spectrogram 1	1	42.70933333333333	43.232	12070.3125	14625.0
274	Spectrogram 1	1	42.76266666666667	43.136	4007.8125	5015.625
275	Spectrogram 1	1	42.784	43.14666666666667	8929.6875	11390.625
276	Spectrogram 1	1	42.83733333333333	43.093333333333334	5226.5625	6023.4375
277	Spectrogram 1	1	43.050666666666665	43.242666666666665	6703.125	7335.9375
278	Spectrogram 1	1	43.53066666666667	43.76533333333333	14273.4375	14718.75
279	Spectrogram 1	1	43.53066666666667	43.76533333333333	6726.5625	7359.375
280	Spectrogram 1	1	43.669333333333334	43.861333333333334	12234.375	13640.625
281	Spectrogram 1	1	43.669333333333334	44.010666666666665	9304.6875	11437.5
282	Spectrogram 1	1	43.872	44.384	5250.0	6117.1875
283	Spectrogram 1	1	43.904	44.373333333333335	4101.5625	4921.875
284	Spectrogram 1	1	43.968	44.416	12000.0	13593.75
285	Spectrogram 1	1	44.064	44.16	9046.875	9632.8125
286	Spectrogram 1	1	44.08533333333333	44.245333333333335	6750.0	7359.375
287	Spectrogram 1	1	44.10666666666667	44.224	9796.875	10617.1875
288	Spectrogram 1	1	44.330666666666666	44.448	9867.1875	10500.0
289	Spectrogram 1	1	44.512	44.704	14296.875	14648.4375
290	Spectrogram 1	1	44.522666666666666	44.704	6726.5625	7335.9375
291	Spectrogram 1	1	44.53333333333333	44.629333333333335	9937.5	10546.875
292	Spectrogram 1	1	44.736	45.00266666666667	12140.625	12632.8125
293	Spectrogram 1	1	44.757333333333335	45.09866666666667	9750.0	11414.0625
294	Spectrogram 1	1	44.970666666666666	45.17333333333333	6703.125	7359.375
295	Spectrogram 1	1	45.17333333333333	45.29066666666667	9796.875	10710.9375
296	Spectrogram 1	1	45.312	45.94133333333333	4007.8125	6257.8125
297	Spectrogram 1	1	45.376	45.51466666666666	9820.3125	10757.8125
298	Spectrogram 1	1	45.49333333333333	45.86666666666667	14320.3125	14812.5
299	Spectrogram 1	1	45.49333333333333	45.68533333333333	6726.5625	7335.9375
300	Spectrogram 1	1	45.57866666666666	45.952	11835.9375	14015.625
301	Spectrogram 1	1	45.589333333333336	45.93066666666667	8906.25	11015.625
302	Spectrogram 1	1	45.962666666666664	46.165333333333336	6726.5625	7335.9375
303	Spectrogram 1	1	45.984	46.18666666666667	14296.875	14671.875
304	Spectrogram 1	1	46.44266666666667	46.666666666666664	6703.125	7335.9375
305	Spectrogram 1	1	46.464	46.74133333333333	12257.8125	12984.375
306	Spectrogram 1	1	46.464	46.602666666666664	9656.25	11343.75
307	Spectrogram 1	1	46.82666666666667	46.99733333333333	4148.4375	4921.875
308	Spectrogram 1	1	46.90133333333333	47.46666666666667	9023.4375	11367.1875
309	Spectrogram 1	1	46.93333333333333	47.136	6679.6875	7359.375
310	Spectrogram 1	1	47.178666666666665	47.59466666666667	12164.0625	14742.1875
311	Spectrogram 1	1	47.18933333333333	47.456	4078.125	5015.625
312	Spectrogram 1	1	47.242666666666665	47.413333333333334	5203.125	5953.125
313	Spectrogram 1	1	47.392	47.59466666666667	6750.0	7359.375
314	Spectrogram 1	1	47.552	47.669333333333334	9890.625	10921.875
315	Spectrogram 1	1	47.78666666666667	48.55466666666667	8882.8125	11437.5
316	Spectrogram 1	1	47.872	48.064	6703.125	7335.9375
317	Spectrogram 1	1	47.882666666666665	48.074666666666666	13992.1875	14695.3125
318	Spectrogram 1	1	48.14933333333333	48.501333333333335	4078.125	5015.625
319	Spectrogram 1	1	48.192	48.61866666666667	12234.375	14789.0625
320	Spectrogram 1	1	48.352	48.544	6656.25	7335.9375
321	Spectrogram 1	1	48.629333333333335	48.778666666666666	9796.875	10875.0
322	Spectrogram 1	1	48.842666666666666	49.205333333333336	9773.4375	11039.0625
323	Spectrogram 1	1	48.842666666666666	49.056	6726.5625	7335.9375
324	Spectrogram 1	1	49.034666666666666	49.22666666666667	12257.8125	12632.8125
325	Spectrogram 1	1	49.09866666666667	49.248	13171.875	13664.0625
326	Spectrogram 1	1	49.17333333333333	49.29066666666667	5460.9375	5953.125
327	Spectrogram 1	1	49.333333333333336	49.589333333333336	6726.5625	7335.9375
328	Spectrogram 1	1	49.38666666666666	49.48266666666667	5320.3125	5812.5
329	Spectrogram 1	1	49.67466666666667	50.218666666666664	8929.6875	11179.6875
330	Spectrogram 1	1	49.76	49.99466666666667	4101.5625	4992.1875
331	Spectrogram 1	1	49.77066666666666	50.19733333333333	12070.3125	14742.1875
332	Spectrogram 1	1	49.824	49.984	5250.0	6023.4375
333	Spectrogram 1	1	50.31466666666667	50.42133333333334	10171.875	10710.9375
334	Spectrogram 1	1	50.432	50.61333333333334	6726.5625	7335.9375
335	Spectrogram 1	1	50.51733333333333	51.296	8859.375	11507.8125
336	Spectrogram 1	1	50.794666666666664	51.25333333333333	12023.4375	14671.875
337	Spectrogram 1	1	50.80533333333333	51.242666666666665	4078.125	6398.4375
338	Spectrogram 1	1	50.89066666666667	51.12533333333333	6703.125	7382.8125
339	Spectrogram 1	1	51.328	51.52	13171.875	13593.75
340	Spectrogram 1	1	51.33866666666667	51.53066666666667	4171.875	4968.75
341	Spectrogram 1	1	51.38133333333333	51.52	9773.4375	11156.25
342	Spectrogram 1	1	51.392	51.50933333333333	5296.875	5742.1875
343	Spectrogram 1	1	51.605333333333334	51.712	9773.4375	10335.9375
344	Spectrogram 1	1	51.808	51.925333333333334	9796.875	11015.625
345	Spectrogram 1	1	51.91466666666667	52.21333333333333	12257.8125	12585.9375
346	Spectrogram 1	1	52.02133333333333	52.352	9726.5625	11531.25
347	Spectrogram 1	1	52.458666666666666	52.565333333333335	9914.0625	10851.5625
348	Spectrogram 1	1	52.650666666666666	53.024	8882.8125	11320.3125
349	Spectrogram 1	1	52.72533333333333	53.25866666666667	12140.625	14039.0625
350	Spectrogram 1	1	52.757333333333335	53.04533333333333	3796.875	4968.75
351	Spectrogram 1	1	52.821333333333335	53.024	6703.125	7335.9375
352	Spectrogram 1	1	52.821333333333335	53.013333333333335	5179.6875	6164.0625
353	Spectrogram 1	1	52.842666666666666	53.00266666666667	14203.125	14625.0
354	Spectrogram 1	1	53.088	53.41866666666667	9867.1875	11062.5
355	Spectrogram 1	1	53.184	53.397333333333336	4171.875	4968.75
356	Spectrogram 1	1	53.22666666666667	53.38666666666666	9093.75	9656.25
357	Spectrogram 1	1	53.25866666666667	53.461333333333336	6679.6875	7312.5
358	Spectrogram 1	1	53.25866666666667	53.376	5296.875	6070.3125
359	Spectrogram 1	1	53.51466666666666	53.632	9867.1875	11015.625
360	Spectrogram 1	1	53.717333333333336	54.12266666666667	12304.6875	14085.9375
361	Spectrogram 1	1	53.717333333333336	54.304	8929.6875	11578.125
362	Spectrogram 1	1	53.717333333333336	53.909333333333336	6679.6875	7335.9375
363	Spectrogram 1	1	53.86666666666667	54.13333333333333	4101.5625	4992.1875
364	Spectrogram 1	1	53.888	54.101333333333336	5179.6875	6046.875
365	Spectrogram 1	1	54.176	54.38933333333333	14273.4375	14648.4375
366	Spectrogram 1	1	54.176	54.37866666666667	6703.125	7359.375
367	Spectrogram 1	1	54.368	54.496	9843.75	10968.75
368	Spectrogram 1	1	54.602666666666664	54.95466666666667	9750.0	11367.1875
369	Spectrogram 1	1	54.624	54.83733333333333	6679.6875	7359.375
370	Spectrogram 1	1	54.88	55.53066666666667	12257.8125	14039.0625
371	Spectrogram 1	1	55.01866666666667	55.36	8906.25	11250.0
372	Spectrogram 1	1	55.01866666666667	55.552	4054.6875	4992.1875
373	Spectrogram 1	1	55.04	55.306666666666665	5203.125	6093.75
374	Spectrogram 1	1	55.12533333333333	55.306666666666665	6750.0	7335.9375
375	Spectrogram 1	1	55.392	55.53066666666667	5273.4375	5765.625
376	Spectrogram 1	1	55.57333333333333	55.808	14273.4375	14695.3125
377	Spectrogram 1	1	55.59466666666667	55.82933333333333	6703.125	7335.9375
378	Spectrogram 1	1	55.85066666666667	55.989333333333335	12140.625	12562.5
379	Spectrogram 1	1	56.02133333333333	56.181333333333335	13148.4375	13664.0625
380	Spectrogram 1	1	56.074666666666666	56.288	14226.5625	14601.5625
381	Spectrogram 1	1	56.08533333333333	56.32	6679.6875	7312.5
382	Spectrogram 1	1	56.096	56.202666666666666	9140.625	9796.875
383	Spectrogram 1	1	56.608	56.81066666666667	6679.6875	7335.9375
384	Spectrogram 1	1	56.81066666666667	57.13066666666667	12046.875	13945.3125
385	Spectrogram 1	1	56.81066666666667	57.248	4078.125	5015.625
386	Spectrogram 1	1	56.864	57.056	8929.6875	10875.0
387	Spectrogram 1	1	56.864	57.216	5226.5625	5906.25
388	Spectrogram 1	1	57.06666666666667	57.30133333333333	14250.0	14625.0
389	Spectrogram 1	1	57.088	57.333333333333336	6703.125	7359.375
390	Spectrogram 1	1	57.57866666666666	57.76	14273.4375	14601.5625
391	Spectrogram 1	1	57.57866666666666	57.77066666666666	6726.5625	7335.9375
392	Spectrogram 1	1	57.81333333333333	58.25066666666667	12140.625	14601.5625
393	Spectrogram 1	1	57.834666666666664	58.24	4078.125	6328.125
394	Spectrogram 1	1	57.898666666666664	58.208	8882.8125	11343.75
395	Spectrogram 1	1	58.05866666666667	58.26133333333333	6726.5625	7335.9375
396	Spectrogram 1	1	58.50666666666667	58.72	6726.5625	7335.9375
397	Spectrogram 1	1	58.95466666666667	59.157333333333334	6656.25	7312.5
398	Spectrogram 1	1	58.965333333333334	59.157333333333334	14250.0	14578.125
399	Spectrogram 1	1	59.06133333333333	59.44533333333333	8882.8125	11507.8125
400	Spectrogram 1	1	59.093333333333334	59.626666666666665	12093.75	14578.125
401	Spectrogram 1	1	59.21066666666667	59.44533333333333	4078.125	4992.1875
402	Spectrogram 1	1	59.27466666666667	59.424	5203.125	5882.8125
403	Spectrogram 1	1	59.424	59.626666666666665	6656.25	7312.5
404	Spectrogram 1	1	59.85066666666667	59.989333333333335	12140.625	13101.5625
405	Spectrogram 1	1	59.904	59.989333333333335	14085.9375	14765.625
406	Spectrogram 1	1	59.904	59.989333333333335	6726.5625	7335.9375
