Selection	View	Channel	Begin Time (s)	End Time (s)	Low Freq (Hz)	High Freq (Hz)
1	Spectrogram 1	1	0.07466666666666667	0.192	4687.5	5414.0625
2	Spectrogram 1	1	1.152	3.232	867.1875	3421.875
3	Spectrogram 1	1	1.7173333333333334	2.208	8929.6875	11343.75
4	Spectrogram 1	1	1.92	2.005333333333333	7476.5625	8085.9375
5	Spectrogram 1	1	2.5493333333333332	2.6773333333333333	9867.1875	10312.5
6	Spectrogram 1	1	3.0933333333333333	3.2213333333333334	2390.625	3000.0
7	Spectrogram 1	1	3.3066666666666666	4.277333333333333	960.9375	3140.625
8	Spectrogram 1	1	3.562666666666667	3.7546666666666666	9210.9375	9843.75
9	Spectrogram 1	1	3.68	3.9466666666666668	13757.8125	14250.0
10	Spectrogram 1	1	3.7013333333333334	3.8826666666666667	11859.375	12867.1875
11	Spectrogram 1	1	4.416	5.674666666666667	9257.8125	12890.625
12	Spectrogram 1	1	4.416	5.941333333333334	914.0625	3609.375
13	Spectrogram 1	1	5.8133333333333335	6.101333333333334	7429.6875	8367.1875
14	Spectrogram 1	1	5.824	6.485333333333333	8695.3125	14226.5625
15	Spectrogram 1	1	5.856	5.973333333333334	15304.6875	15726.5625
16	Spectrogram 1	1	5.8773333333333335	6.24	15890.625	17859.375
17	Spectrogram 1	1	5.9093333333333335	6.165333333333334	22031.25	23109.375
18	Spectrogram 1	1	6.016	7.274666666666667	1617.1875	3632.8125
19	Spectrogram 1	1	6.986666666666666	7.221333333333333	9304.6875	12585.9375
20	Spectrogram 1	1	7.392	8.352	3984.375	7078.125
21	Spectrogram 1	1	7.413333333333333	7.808	1593.75	3187.5
22	Spectrogram 1	1	7.754666666666667	7.850666666666666	10593.75	11156.25
23	Spectrogram 1	1	7.936	8.352	1101.5625	3609.375
24	Spectrogram 1	1	8.544	9.312	984.375	3093.75
25	Spectrogram 1	1	8.565333333333333	8.714666666666666	4500.0	4921.875
26	Spectrogram 1	1	8.8	8.938666666666666	4125.0	4898.4375
27	Spectrogram 1	1	8.8	8.928	2625.0	3140.625
28	Spectrogram 1	1	9.024	10.890666666666666	3914.0625	7078.125
29	Spectrogram 1	1	9.429333333333334	10.837333333333333	1664.0625	3679.6875
30	Spectrogram 1	1	9.44	9.568	1195.3125	1757.8125
31	Spectrogram 1	1	9.898666666666667	10.901333333333334	9140.625	12421.875
32	Spectrogram 1	1	10.965333333333334	11.157333333333334	5109.375	5484.375
33	Spectrogram 1	1	11.669333333333332	11.829333333333333	1101.5625	1875.0
34	Spectrogram 1	1	11.690666666666667	11.904	4640.625	5484.375
35	Spectrogram 1	1	11.978666666666667	12.416	4687.5	6304.6875
36	Spectrogram 1	1	11.978666666666667	12.128	984.375	2812.5
37	Spectrogram 1	1	11.989333333333333	12.256	4031.25	4335.9375
38	Spectrogram 1	1	12.789333333333333	12.981333333333334	1148.4375	2062.5
39	Spectrogram 1	1	12.8	13.344	4078.125	6773.4375
40	Spectrogram 1	1	13.12	13.44	1734.375	3421.875
41	Spectrogram 1	1	13.642666666666667	14.336	1804.6875	3093.75
42	Spectrogram 1	1	13.994666666666667	14.272	4007.8125	6515.625
43	Spectrogram 1	1	14.549333333333333	14.730666666666666	4617.1875	5367.1875
44	Spectrogram 1	1	14.72	14.869333333333334	1476.5625	2132.8125
45	Spectrogram 1	1	14.954666666666666	15.178666666666667	4078.125	4875.0
46	Spectrogram 1	1	14.997333333333334	15.146666666666667	1617.1875	3375.0
47	Spectrogram 1	1	15.733333333333333	16.064	4101.5625	7101.5625
48	Spectrogram 1	1	15.776	15.978666666666667	9304.6875	12328.125
49	Spectrogram 1	1	16.75733333333333	16.938666666666666	7640.625	8226.5625
50	Spectrogram 1	1	17.333333333333332	17.6	3984.375	6515.625
51	Spectrogram 1	1	17.365333333333332	17.514666666666667	1710.9375	3421.875
52	Spectrogram 1	1	17.472	17.568	9562.5	10101.5625
53	Spectrogram 1	1	17.856	18.144	4218.75	6351.5625
54	Spectrogram 1	1	18.218666666666667	18.432	4148.4375	5062.5
55	Spectrogram 1	1	18.250666666666667	18.773333333333333	9328.125	11765.625
56	Spectrogram 1	1	18.261333333333333	18.826666666666668	5390.625	6304.6875
57	Spectrogram 1	1	18.666666666666668	18.826666666666668	4992.1875	5390.625
58	Spectrogram 1	1	18.954666666666668	20.522666666666666	3984.375	7125.0
59	Spectrogram 1	1	19.04	19.24266666666667	7500.0	8085.9375
60	Spectrogram 1	1	19.552	19.712	2296.875	3632.8125
61	Spectrogram 1	1	19.573333333333334	19.754666666666665	7523.4375	7992.1875
62	Spectrogram 1	1	20.096	20.405333333333335	2179.6875	3585.9375
63	Spectrogram 1	1	20.85333333333333	21.024	2718.75	3023.4375
64	Spectrogram 1	1	20.906666666666666	21.28	4031.25	7078.125
65	Spectrogram 1	1	20.96	21.237333333333332	7851.5625	8296.875
66	Spectrogram 1	1	21.013333333333332	21.141333333333332	10335.9375	11109.375
67	Spectrogram 1	1	21.024	22.08	9117.1875	11578.125
68	Spectrogram 1	1	21.408	23.381333333333334	3937.5	7335.9375
69	Spectrogram 1	1	21.504	21.717333333333332	7406.25	8812.5
70	Spectrogram 1	1	21.568	21.653333333333332	16171.875	17203.125
71	Spectrogram 1	1	21.621333333333332	21.738666666666667	12000.0	12750.0
72	Spectrogram 1	1	21.621333333333332	21.738666666666667	2625.0	3210.9375
73	Spectrogram 1	1	21.696	22.197333333333333	960.9375	2250.0
74	Spectrogram 1	1	21.952	22.314666666666668	12539.0625	14625.0
75	Spectrogram 1	1	22.218666666666667	22.474666666666668	9351.5625	11554.6875
76	Spectrogram 1	1	22.442666666666668	22.741333333333333	13476.5625	14578.125
77	Spectrogram 1	1	22.442666666666668	22.549333333333333	1828.125	2414.0625
78	Spectrogram 1	1	22.538666666666668	22.848	14953.125	16945.3125
79	Spectrogram 1	1	22.538666666666668	23.370666666666665	7312.5	14226.5625
80	Spectrogram 1	1	22.613333333333333	22.773333333333333	17554.6875	18187.5
81	Spectrogram 1	1	22.794666666666668	23.232	1710.9375	2531.25
82	Spectrogram 1	1	23.072	23.168	7617.1875	8250.0
83	Spectrogram 1	1	23.509333333333334	23.818666666666665	8835.9375	10289.0625
84	Spectrogram 1	1	23.626666666666665	23.882666666666665	4523.4375	6445.3125
85	Spectrogram 1	1	24.181333333333335	24.650666666666666	4031.25	7101.5625
86	Spectrogram 1	1	24.192	24.448	13757.8125	14250.0
87	Spectrogram 1	1	24.245333333333335	24.426666666666666	7476.5625	8437.5
88	Spectrogram 1	1	24.75733333333333	25.610666666666667	4031.25	7125.0
89	Spectrogram 1	1	24.928	25.088	2648.4375	3117.1875
90	Spectrogram 1	1	25.013333333333332	25.376	7500.0	8460.9375
91	Spectrogram 1	1	25.034666666666666	25.184	9445.3125	10171.875
92	Spectrogram 1	1	25.152	25.28	13593.75	14601.5625
93	Spectrogram 1	1	25.909333333333333	26.24	4054.6875	6328.125
94	Spectrogram 1	1	25.92	26.165333333333333	2085.9375	3164.0625
95	Spectrogram 1	1	26.069333333333333	26.165333333333333	6585.9375	7101.5625
96	Spectrogram 1	1	27.093333333333334	27.797333333333334	4007.8125	7078.125
97	Spectrogram 1	1	27.381333333333334	27.754666666666665	10078.125	12539.0625
98	Spectrogram 1	1	27.968	28.384	5132.8125	6539.0625
99	Spectrogram 1	1	28.682666666666666	28.896	5156.25	6328.125
100	Spectrogram 1	1	28.992	29.173333333333332	2273.4375	2953.125
101	Spectrogram 1	1	29.482666666666667	29.738666666666667	14226.5625	15703.125
102	Spectrogram 1	1	30.026666666666667	30.464	15281.25	19992.1875
103	Spectrogram 1	1	30.048	31.189333333333334	7312.5	12046.875
104	Spectrogram 1	1	30.218666666666667	30.4	2320.3125	3070.3125
105	Spectrogram 1	1	30.304	30.432	14953.125	15656.25
106	Spectrogram 1	1	30.485333333333333	30.709333333333333	11390.625	12421.875
107	Spectrogram 1	1	30.773333333333333	31.11466666666667	1007.8125	3375.0
108	Spectrogram 1	1	30.848	31.008	7476.5625	8437.5
109	Spectrogram 1	1	31.221333333333334	31.658666666666665	2156.25	3562.5
110	Spectrogram 1	1	31.221333333333334	32.416	796.875	2179.6875
111	Spectrogram 1	1	31.488	31.616	9515.625	9984.375
112	Spectrogram 1	1	31.744	31.872	2906.25	3468.75
113	Spectrogram 1	1	31.946666666666665	32.437333333333335	2414.0625	3515.625
114	Spectrogram 1	1	32.501333333333335	32.608	1148.4375	1804.6875
115	Spectrogram 1	1	32.629333333333335	32.74666666666667	13078.125	14273.4375
116	Spectrogram 1	1	32.85333333333333	33.42933333333333	9445.3125	12328.125
117	Spectrogram 1	1	32.928	33.312	960.9375	2132.8125
118	Spectrogram 1	1	33.013333333333335	35.242666666666665	890.625	3515.625
119	Spectrogram 1	1	33.09866666666667	33.32266666666667	7453.125	8226.5625
120	Spectrogram 1	1	33.6	33.93066666666667	9328.125	11109.375
121	Spectrogram 1	1	34.410666666666664	34.54933333333334	9539.0625	10476.5625
122	Spectrogram 1	1	35.104	35.221333333333334	9398.4375	9914.0625
123	Spectrogram 1	1	35.21066666666667	35.40266666666667	984.375	1968.75
124	Spectrogram 1	1	35.33866666666667	37.312	914.0625	3398.4375
125	Spectrogram 1	1	35.370666666666665	36.128	9351.5625	12796.875
126	Spectrogram 1	1	36.288	36.64	9187.5	12117.1875
127	Spectrogram 1	1	36.394666666666666	36.768	7359.375	8296.875
128	Spectrogram 1	1	36.693333333333335	36.832	10453.125	11437.5
129	Spectrogram 1	1	37.35466666666667	37.51466666666666	9351.5625	11812.5
130	Spectrogram 1	1	37.51466666666666	37.68533333333333	1570.3125	2226.5625
131	Spectrogram 1	1	37.81333333333333	37.94133333333333	5859.375	6421.875
132	Spectrogram 1	1	37.824	38.048	1570.3125	3070.3125
133	Spectrogram 1	1	38.218666666666664	38.4	1500.0	2554.6875
134	Spectrogram 1	1	38.24	38.816	4031.25	6515.625
135	Spectrogram 1	1	38.38933333333333	38.50666666666667	9304.6875	9960.9375
136	Spectrogram 1	1	38.464	38.688	10875.0	11320.3125
137	Spectrogram 1	1	38.474666666666664	38.656	1500.0	2507.8125
138	Spectrogram 1	1	38.538666666666664	38.69866666666667	11484.375	11906.25
139	Spectrogram 1	1	39.08266666666667	39.46666666666667	9093.75	10546.875
140	Spectrogram 1	1	39.14666666666667	39.52	2320.3125	3164.0625
141	Spectrogram 1	1	39.14666666666667	39.264	1171.875	1687.5
142	Spectrogram 1	1	39.168	39.616	4078.125	5554.6875
143	Spectrogram 1	1	39.38133333333333	39.53066666666667	1101.5625	1687.5
144	Spectrogram 1	1	40.565333333333335	40.74666666666667	4453.125	5554.6875
145	Spectrogram 1	1	40.91733333333333	41.269333333333336	4148.4375	5507.8125
146	Spectrogram 1	1	41.397333333333336	41.74933333333333	9257.8125	10031.25
147	Spectrogram 1	1	41.41866666666667	41.57866666666666	4500.0	5343.75
148	Spectrogram 1	1	41.55733333333333	42.25066666666667	890.625	1898.4375
149	Spectrogram 1	1	42.208	42.432	9281.25	9609.375
150	Spectrogram 1	1	42.208	43.264	4054.6875	6468.75
151	Spectrogram 1	1	42.58133333333333	42.784	1289.0625	2085.9375
152	Spectrogram 1	1	42.666666666666664	42.784	2789.0625	3234.375
153	Spectrogram 1	1	42.944	43.242666666666665	937.5	2179.6875
154	Spectrogram 1	1	43.306666666666665	43.744	984.375	2531.25
155	Spectrogram 1	1	43.392	43.626666666666665	2695.3125	3140.625
156	Spectrogram 1	1	43.40266666666667	43.68	4453.125	5671.875
157	Spectrogram 1	1	43.85066666666667	44.16	1078.125	3281.25
158	Spectrogram 1	1	43.872	44.128	4500.0	4945.3125
159	Spectrogram 1	1	44.224	44.448	4101.5625	4921.875
160	Spectrogram 1	1	44.23466666666667	44.36266666666667	1195.3125	1593.75
161	Spectrogram 1	1	44.256	44.42666666666667	2437.5	3000.0
162	Spectrogram 1	1	44.885333333333335	45.034666666666666	4757.8125	5460.9375
163	Spectrogram 1	1	46.016	46.528	4125.0	5578.125
164	Spectrogram 1	1	46.25066666666667	46.496	2109.375	3140.625
165	Spectrogram 1	1	46.624	46.80533333333333	2367.1875	3257.8125
166	Spectrogram 1	1	46.64533333333333	47.424	4078.125	6656.25
167	Spectrogram 1	1	46.922666666666665	47.06133333333333	2320.3125	3093.75
168	Spectrogram 1	1	46.922666666666665	47.12533333333333	1148.4375	1898.4375
169	Spectrogram 1	1	47.861333333333334	48.46933333333333	1101.5625	2460.9375
170	Spectrogram 1	1	47.872	48.032	4125.0	4945.3125
171	Spectrogram 1	1	48.629333333333335	48.906666666666666	1031.25	1570.3125
172	Spectrogram 1	1	49.12	49.397333333333336	1171.875	2343.75
173	Spectrogram 1	1	51.349333333333334	51.488	1710.9375	2460.9375
174	Spectrogram 1	1	51.78666666666667	51.904	9492.1875	9960.9375
175	Spectrogram 1	1	52.544	52.72533333333333	1148.4375	2062.5
176	Spectrogram 1	1	53.461333333333336	53.781333333333336	9140.625	19664.0625
177	Spectrogram 1	1	53.536	53.76	2039.0625	2671.875
178	Spectrogram 1	1	53.824	54.144	4523.4375	6281.25
179	Spectrogram 1	1	53.824	54.00533333333333	1687.5	2179.6875
